timestamp_utc,container,namespace,pod,value
2026-10-10T12:22:49.001Z,alloy,logging,alloy-6kxkq,53714944
2026-10-10T12:23:04.001Z,alloy,logging,alloy-6kxkq,53972992
2026-10-10T12:23:19.001Z,alloy,logging,alloy-6kxkq,53456896
2026-10-10T12:23:34.001Z,alloy,logging,alloy-6kxkq,53452800
2026-10-10T12:23:49.001Z,alloy,logging,alloy-6kxkq,53981184
2026-10-10T12:24:04.001Z,alloy,logging,alloy-6kxkq,53723136
2026-10-10T12:24:19.001Z,alloy,logging,alloy-6kxkq,54243328
2026-10-10T12:24:34.001Z,alloy,logging,alloy-6kxkq,53985280
2026-10-10T12:24:49.001Z,alloy,logging,alloy-6kxkq,53460992
2026-10-10T12:25:04.001Z,alloy,logging,alloy-6kxkq,53723136
2026-10-10T12:25:19.001Z,alloy,logging,alloy-6kxkq,53202944
2026-10-10T12:25:34.001Z,alloy,logging,alloy-6kxkq,53460992
2026-10-10T12:25:49.001Z,alloy,logging,alloy-6kxkq,53989376
2026-10-10T12:26:04.001Z,alloy,logging,alloy-6kxkq,53465088
2026-10-10T12:26:19.001Z,alloy,logging,alloy-6kxkq,53719040
2026-10-10T12:26:34.001Z,alloy,logging,alloy-6kxkq,53465088
2026-10-10T12:26:49.001Z,alloy,logging,alloy-6kxkq,53465088
2026-10-10T12:27:04.001Z,alloy,logging,alloy-6kxkq,53460992
2026-10-10T12:27:19.001Z,alloy,logging,alloy-6kxkq,53727232
2026-10-10T12:27:34.001Z,alloy,logging,alloy-6kxkq,53215232
2026-10-10T12:27:49.001Z,alloy,logging,alloy-6kxkq,53723136
2026-10-10T12:28:04.001Z,alloy,logging,alloy-6kxkq,53989376
2026-10-10T12:28:19.001Z,alloy,logging,alloy-6kxkq,54255616
2026-10-10T12:28:34.001Z,alloy,logging,alloy-6kxkq,55738368
2026-10-10T12:28:49.001Z,alloy,logging,alloy-6kxkq,55128064
2026-10-10T12:29:04.001Z,alloy,logging,alloy-6kxkq,54861824
2026-10-10T12:29:19.001Z,alloy,logging,alloy-6kxkq,55382016
2026-10-10T12:29:34.001Z,alloy,logging,alloy-6kxkq,54874112
2026-10-10T12:29:49.001Z,alloy,logging,alloy-6kxkq,55132160
2026-10-10T12:30:04.001Z,alloy,logging,alloy-6kxkq,56274944
2026-10-10T12:30:19.001Z,alloy,logging,alloy-6kxkq,58658816
2026-10-10T12:30:34.001Z,alloy,logging,alloy-6kxkq,61325312
2026-10-10T12:30:49.001Z,alloy,logging,alloy-6kxkq,61112320
2026-10-10T12:31:04.001Z,alloy,logging,alloy-6kxkq,62160896
2026-10-10T12:31:19.001Z,alloy,logging,alloy-6kxkq,62160896
2026-10-10T12:31:34.001Z,alloy,logging,alloy-6kxkq,61628416
2026-10-10T12:31:49.001Z,alloy,logging,alloy-6kxkq,61186048
2026-10-10T12:32:04.001Z,alloy,logging,alloy-6kxkq,61763584
2026-10-10T12:32:19.001Z,alloy,logging,alloy-6kxkq,64995328
2026-10-10T12:32:34.001Z,alloy,logging,alloy-6kxkq,67170304
2026-10-10T12:32:49.001Z,alloy,logging,alloy-6kxkq,68247552
2026-10-10T12:33:04.001Z,alloy,logging,alloy-6kxkq,68247552
2026-10-10T12:33:19.001Z,alloy,logging,alloy-6kxkq,67481600
2026-10-10T12:33:34.001Z,alloy,logging,alloy-6kxkq,67481600
2026-10-10T12:33:49.001Z,alloy,logging,alloy-6kxkq,67481600
2026-10-10T12:34:04.001Z,alloy,logging,alloy-6kxkq,67534848
2026-10-10T12:34:19.001Z,alloy,logging,alloy-6kxkq,67592192
2026-10-10T12:34:34.001Z,alloy,logging,alloy-6kxkq,68915200
2026-10-10T12:34:49.001Z,alloy,logging,alloy-6kxkq,68915200
2026-10-10T12:35:04.001Z,alloy,logging,alloy-6kxkq,67870720
2026-10-10T12:35:19.001Z,alloy,logging,alloy-6kxkq,67866624
2026-10-10T12:35:34.001Z,alloy,logging,alloy-6kxkq,68411392
2026-10-10T12:35:49.001Z,alloy,logging,alloy-6kxkq,68153344
2026-10-10T12:36:04.001Z,alloy,logging,alloy-6kxkq,68157440
2026-10-10T12:36:19.001Z,alloy,logging,alloy-6kxkq,68415488
2026-10-10T12:36:34.001Z,alloy,logging,alloy-6kxkq,69419008
2026-10-10T12:36:49.001Z,alloy,logging,alloy-6kxkq,69222400
2026-10-10T12:37:04.001Z,alloy,logging,alloy-6kxkq,69484544
2026-10-10T12:37:19.001Z,alloy,logging,alloy-6kxkq,68964352
2026-10-10T12:37:34.001Z,alloy,logging,alloy-6kxkq,70017024
2026-10-10T12:37:49.001Z,alloy,logging,alloy-6kxkq,68706304
2026-10-10T12:38:04.001Z,alloy,logging,alloy-6kxkq,68964352
2026-10-10T12:38:19.001Z,alloy,logging,alloy-6kxkq,68706304
2026-10-10T12:38:34.001Z,alloy,logging,alloy-6kxkq,68706304
2026-10-10T12:38:49.001Z,alloy,logging,alloy-6kxkq,68706304
2026-10-10T12:39:04.001Z,alloy,logging,alloy-6kxkq,69025792
2026-10-10T12:39:19.001Z,alloy,logging,alloy-6kxkq,69025792
2026-10-10T12:39:34.001Z,alloy,logging,alloy-6kxkq,69545984
2026-10-10T12:39:49.001Z,alloy,logging,alloy-6kxkq,69296128
2026-10-10T12:40:04.001Z,alloy,logging,alloy-6kxkq,69550080
2026-10-10T12:40:19.001Z,alloy,logging,alloy-6kxkq,69292032
2026-10-10T12:40:34.001Z,alloy,logging,alloy-6kxkq,68767744
2026-10-10T12:40:49.001Z,alloy,logging,alloy-6kxkq,69292032
2026-10-10T12:41:04.001Z,alloy,logging,alloy-6kxkq,69033984
2026-10-10T12:41:19.001Z,alloy,logging,alloy-6kxkq,69029888
2026-10-10T12:41:34.001Z,alloy,logging,alloy-6kxkq,68771840
2026-10-10T12:41:49.001Z,alloy,logging,alloy-6kxkq,68771840
2026-10-10T12:42:04.001Z,alloy,logging,alloy-6kxkq,68775936
2026-10-10T12:42:19.001Z,alloy,logging,alloy-6kxkq,69033984
2026-10-10T12:42:34.001Z,alloy,logging,alloy-6kxkq,68775936
2026-10-10T12:42:49.001Z,alloy,logging,alloy-6kxkq,72445952
2026-10-10T12:43:04.001Z,alloy,logging,alloy-6kxkq,72445952
2026-10-10T12:43:19.001Z,alloy,logging,alloy-6kxkq,71909376
2026-10-10T12:43:34.001Z,alloy,logging,alloy-6kxkq,71909376
2026-10-10T12:43:49.001Z,alloy,logging,alloy-6kxkq,67215360
2026-10-10T12:44:04.001Z,alloy,logging,alloy-6kxkq,66953216
2026-10-10T12:44:19.001Z,alloy,logging,alloy-6kxkq,67219456
2026-10-10T12:44:34.001Z,alloy,logging,alloy-6kxkq,67469312
2026-10-10T12:44:49.001Z,alloy,logging,alloy-6kxkq,68255744
2026-10-10T12:45:04.001Z,alloy,logging,alloy-6kxkq,68952064
2026-10-10T12:45:19.001Z,alloy,logging,alloy-6kxkq,69480448
2026-10-10T12:45:34.001Z,alloy,logging,alloy-6kxkq,71528448
2026-10-10T12:45:49.001Z,alloy,logging,alloy-6kxkq,71528448
2026-10-10T12:46:04.001Z,alloy,logging,alloy-6kxkq,71299072
2026-10-10T12:46:19.001Z,alloy,logging,alloy-6kxkq,71561216
2026-10-10T12:46:34.001Z,alloy,logging,alloy-6kxkq,71831552
2026-10-10T12:46:49.001Z,alloy,logging,alloy-6kxkq,71393280
2026-10-10T12:47:04.001Z,alloy,logging,alloy-6kxkq,71098368
2026-10-10T12:47:19.001Z,alloy,logging,alloy-6kxkq,71626752
2026-10-10T12:47:34.001Z,alloy,logging,alloy-6kxkq,71364608
2026-10-10T12:47:49.001Z,alloy,logging,alloy-6kxkq,71106560
2026-10-10T12:48:04.001Z,alloy,logging,alloy-6kxkq,71106560
2026-10-10T12:48:19.001Z,alloy,logging,alloy-6kxkq,71639040
2026-10-10T12:48:34.001Z,alloy,logging,alloy-6kxkq,72167424
2026-10-10T12:48:49.001Z,alloy,logging,alloy-6kxkq,70066176
2026-10-10T12:49:04.001Z,alloy,logging,alloy-6kxkq,70586368
2026-10-10T12:49:19.001Z,alloy,logging,alloy-6kxkq,70598656
2026-10-10T12:49:34.001Z,alloy,logging,alloy-6kxkq,70340608
2026-10-10T12:49:49.001Z,alloy,logging,alloy-6kxkq,70340608
2026-10-10T12:50:04.001Z,alloy,logging,alloy-6kxkq,70852608
2026-10-10T12:50:19.001Z,alloy,logging,alloy-6kxkq,70082560
2026-10-10T12:50:34.001Z,alloy,logging,alloy-6kxkq,70078464
2026-10-10T12:50:49.001Z,alloy,logging,alloy-6kxkq,70352896
2026-10-10T12:51:04.001Z,alloy,logging,alloy-6kxkq,70090752
2026-10-10T12:51:19.001Z,alloy,logging,alloy-6kxkq,70098944
2026-10-10T12:51:34.001Z,alloy,logging,alloy-6kxkq,70361088
2026-10-10T12:51:49.001Z,alloy,logging,alloy-6kxkq,70098944
2026-10-10T12:52:04.001Z,alloy,logging,alloy-6kxkq,70623232
2026-10-10T12:52:19.001Z,alloy,logging,alloy-6kxkq,70098944
2026-10-10T12:52:34.001Z,alloy,logging,alloy-6kxkq,70365184
2026-10-10T12:52:49.001Z,alloy,logging,alloy-6kxkq,70103040
2026-10-10T12:53:04.001Z,alloy,logging,alloy-6kxkq,70103040
2026-10-10T12:53:19.001Z,alloy,logging,alloy-6kxkq,70103040
2026-10-10T12:53:34.001Z,alloy,logging,alloy-6kxkq,70627328
2026-10-10T12:53:49.001Z,alloy,logging,alloy-6kxkq,70365184
2026-10-10T12:54:04.001Z,alloy,logging,alloy-6kxkq,70373376
2026-10-10T12:54:19.001Z,alloy,logging,alloy-6kxkq,70111232
2026-10-10T12:54:34.001Z,alloy,logging,alloy-6kxkq,71163904
2026-10-10T12:54:49.001Z,alloy,logging,alloy-6kxkq,70373376
2026-10-10T12:55:04.001Z,alloy,logging,alloy-6kxkq,70373376
2026-10-10T12:55:19.001Z,alloy,logging,alloy-6kxkq,70373376
2026-10-10T12:55:34.001Z,alloy,logging,alloy-6kxkq,70377472
2026-10-10T12:55:49.001Z,alloy,logging,alloy-6kxkq,70365184
2026-10-10T12:56:04.001Z,alloy,logging,alloy-6kxkq,71163904
2026-10-10T12:56:19.001Z,alloy,logging,alloy-6kxkq,70639616
2026-10-10T12:56:34.001Z,alloy,logging,alloy-6kxkq,70639616
2026-10-10T12:56:49.001Z,alloy,logging,alloy-6kxkq,70639616
2026-10-10T12:57:04.001Z,alloy,logging,alloy-6kxkq,71426048
2026-10-10T12:57:19.001Z,alloy,logging,alloy-6kxkq,70627328
2026-10-10T12:22:49.001Z,config-reloader,logging,alloy-6kxkq,7221248
2026-10-10T12:23:04.001Z,config-reloader,logging,alloy-6kxkq,7221248
2026-10-10T12:23:19.001Z,config-reloader,logging,alloy-6kxkq,7221248
2026-10-10T12:23:34.001Z,config-reloader,logging,alloy-6kxkq,7221248
2026-10-10T12:23:49.001Z,config-reloader,logging,alloy-6kxkq,7221248
2026-10-10T12:24:04.001Z,config-reloader,logging,alloy-6kxkq,7221248
2026-10-10T12:24:19.001Z,config-reloader,logging,alloy-6kxkq,7221248
2026-10-10T12:24:34.001Z,config-reloader,logging,alloy-6kxkq,7221248
2026-10-10T12:24:49.001Z,config-reloader,logging,alloy-6kxkq,7221248
2026-10-10T12:25:04.001Z,config-reloader,logging,alloy-6kxkq,7221248
2026-10-10T12:25:19.001Z,config-reloader,logging,alloy-6kxkq,7221248
2026-10-10T12:25:34.001Z,config-reloader,logging,alloy-6kxkq,7221248
2026-10-10T12:25:49.001Z,config-reloader,logging,alloy-6kxkq,7221248
2026-10-10T12:26:04.001Z,config-reloader,logging,alloy-6kxkq,7221248
2026-10-10T12:26:19.001Z,config-reloader,logging,alloy-6kxkq,7221248
2026-10-10T12:26:34.001Z,config-reloader,logging,alloy-6kxkq,7483392
2026-10-10T12:26:49.001Z,config-reloader,logging,alloy-6kxkq,7221248
2026-10-10T12:27:04.001Z,config-reloader,logging,alloy-6kxkq,7221248
2026-10-10T12:27:19.001Z,config-reloader,logging,alloy-6kxkq,7221248
2026-10-10T12:27:34.001Z,config-reloader,logging,alloy-6kxkq,7221248
2026-10-10T12:27:49.001Z,config-reloader,logging,alloy-6kxkq,7221248
2026-10-10T12:28:04.001Z,config-reloader,logging,alloy-6kxkq,7221248
2026-10-10T12:28:19.001Z,config-reloader,logging,alloy-6kxkq,7221248
2026-10-10T12:28:34.001Z,config-reloader,logging,alloy-6kxkq,7221248
2026-10-10T12:28:49.001Z,config-reloader,logging,alloy-6kxkq,7221248
2026-10-10T12:29:04.001Z,config-reloader,logging,alloy-6kxkq,7221248
2026-10-10T12:29:19.001Z,config-reloader,logging,alloy-6kxkq,7221248
2026-10-10T12:29:34.001Z,config-reloader,logging,alloy-6kxkq,7221248
2026-10-10T12:29:49.001Z,config-reloader,logging,alloy-6kxkq,7221248
2026-10-10T12:30:04.001Z,config-reloader,logging,alloy-6kxkq,7221248
2026-10-10T12:30:19.001Z,config-reloader,logging,alloy-6kxkq,7221248
2026-10-10T12:30:34.001Z,config-reloader,logging,alloy-6kxkq,7221248
2026-10-10T12:30:49.001Z,config-reloader,logging,alloy-6kxkq,7221248
2026-10-10T12:31:04.001Z,config-reloader,logging,alloy-6kxkq,7221248
2026-10-10T12:31:19.001Z,config-reloader,logging,alloy-6kxkq,7221248
2026-10-10T12:31:34.001Z,config-reloader,logging,alloy-6kxkq,7221248
2026-10-10T12:31:49.001Z,config-reloader,logging,alloy-6kxkq,7221248
2026-10-10T12:32:04.001Z,config-reloader,logging,alloy-6kxkq,7221248
2026-10-10T12:32:19.001Z,config-reloader,logging,alloy-6kxkq,7221248
2026-10-10T12:32:34.001Z,config-reloader,logging,alloy-6kxkq,7221248
2026-10-10T12:32:49.001Z,config-reloader,logging,alloy-6kxkq,7221248
2026-10-10T12:33:04.001Z,config-reloader,logging,alloy-6kxkq,7221248
2026-10-10T12:33:19.001Z,config-reloader,logging,alloy-6kxkq,7221248
2026-10-10T12:33:34.001Z,config-reloader,logging,alloy-6kxkq,7221248
2026-10-10T12:33:49.001Z,config-reloader,logging,alloy-6kxkq,7221248
2026-10-10T12:34:04.001Z,config-reloader,logging,alloy-6kxkq,7221248
2026-10-10T12:34:19.001Z,config-reloader,logging,alloy-6kxkq,7221248
2026-10-10T12:34:34.001Z,config-reloader,logging,alloy-6kxkq,7221248
2026-10-10T12:34:49.001Z,config-reloader,logging,alloy-6kxkq,7221248
2026-10-10T12:35:04.001Z,config-reloader,logging,alloy-6kxkq,7221248
2026-10-10T12:35:19.001Z,config-reloader,logging,alloy-6kxkq,7221248
2026-10-10T12:35:34.001Z,config-reloader,logging,alloy-6kxkq,7221248
2026-10-10T12:35:49.001Z,config-reloader,logging,alloy-6kxkq,7221248
2026-10-10T12:36:04.001Z,config-reloader,logging,alloy-6kxkq,7221248
2026-10-10T12:36:19.001Z,config-reloader,logging,alloy-6kxkq,7221248
2026-10-10T12:36:34.001Z,config-reloader,logging,alloy-6kxkq,7221248
2026-10-10T12:36:49.001Z,config-reloader,logging,alloy-6kxkq,7221248
2026-10-10T12:37:04.001Z,config-reloader,logging,alloy-6kxkq,7221248
2026-10-10T12:37:19.001Z,config-reloader,logging,alloy-6kxkq,7221248
2026-10-10T12:37:34.001Z,config-reloader,logging,alloy-6kxkq,7221248
2026-10-10T12:37:49.001Z,config-reloader,logging,alloy-6kxkq,7221248
2026-10-10T12:38:04.001Z,config-reloader,logging,alloy-6kxkq,7221248
2026-10-10T12:38:19.001Z,config-reloader,logging,alloy-6kxkq,7221248
2026-10-10T12:38:34.001Z,config-reloader,logging,alloy-6kxkq,7221248
2026-10-10T12:38:49.001Z,config-reloader,logging,alloy-6kxkq,7221248
2026-10-10T12:39:04.001Z,config-reloader,logging,alloy-6kxkq,7221248
2026-10-10T12:39:19.001Z,config-reloader,logging,alloy-6kxkq,7221248
2026-10-10T12:39:34.001Z,config-reloader,logging,alloy-6kxkq,7221248
2026-10-10T12:39:49.001Z,config-reloader,logging,alloy-6kxkq,7221248
2026-10-10T12:40:04.001Z,config-reloader,logging,alloy-6kxkq,7221248
2026-10-10T12:40:19.001Z,config-reloader,logging,alloy-6kxkq,7221248
2026-10-10T12:40:34.001Z,config-reloader,logging,alloy-6kxkq,7221248
2026-10-10T12:40:49.001Z,config-reloader,logging,alloy-6kxkq,7221248
2026-10-10T12:41:04.001Z,config-reloader,logging,alloy-6kxkq,7221248
2026-10-10T12:41:19.001Z,config-reloader,logging,alloy-6kxkq,7221248
2026-10-10T12:41:34.001Z,config-reloader,logging,alloy-6kxkq,7221248
2026-10-10T12:41:49.001Z,config-reloader,logging,alloy-6kxkq,7221248
2026-10-10T12:42:04.001Z,config-reloader,logging,alloy-6kxkq,7221248
2026-10-10T12:42:19.001Z,config-reloader,logging,alloy-6kxkq,7221248
2026-10-10T12:42:34.001Z,config-reloader,logging,alloy-6kxkq,7221248
2026-10-10T12:42:49.001Z,config-reloader,logging,alloy-6kxkq,7221248
2026-10-10T12:43:04.001Z,config-reloader,logging,alloy-6kxkq,7221248
2026-10-10T12:43:19.001Z,config-reloader,logging,alloy-6kxkq,7221248
2026-10-10T12:43:34.001Z,config-reloader,logging,alloy-6kxkq,7221248
2026-10-10T12:43:49.001Z,config-reloader,logging,alloy-6kxkq,7221248
2026-10-10T12:44:04.001Z,config-reloader,logging,alloy-6kxkq,7221248
2026-10-10T12:44:19.001Z,config-reloader,logging,alloy-6kxkq,7221248
2026-10-10T12:44:34.001Z,config-reloader,logging,alloy-6kxkq,7221248
2026-10-10T12:44:49.001Z,config-reloader,logging,alloy-6kxkq,7221248
2026-10-10T12:45:04.001Z,config-reloader,logging,alloy-6kxkq,7221248
2026-10-10T12:45:19.001Z,config-reloader,logging,alloy-6kxkq,7221248
2026-10-10T12:45:34.001Z,config-reloader,logging,alloy-6kxkq,7221248
2026-10-10T12:45:49.001Z,config-reloader,logging,alloy-6kxkq,7221248
2026-10-10T12:46:04.001Z,config-reloader,logging,alloy-6kxkq,7221248
2026-10-10T12:46:19.001Z,config-reloader,logging,alloy-6kxkq,7221248
2026-10-10T12:46:34.001Z,config-reloader,logging,alloy-6kxkq,7221248
2026-10-10T12:46:49.001Z,config-reloader,logging,alloy-6kxkq,7221248
2026-10-10T12:47:04.001Z,config-reloader,logging,alloy-6kxkq,7221248
2026-10-10T12:47:19.001Z,config-reloader,logging,alloy-6kxkq,7221248
2026-10-10T12:47:34.001Z,config-reloader,logging,alloy-6kxkq,7221248
2026-10-10T12:47:49.001Z,config-reloader,logging,alloy-6kxkq,7221248
2026-10-10T12:48:04.001Z,config-reloader,logging,alloy-6kxkq,7221248
2026-10-10T12:48:19.001Z,config-reloader,logging,alloy-6kxkq,7221248
2026-10-10T12:48:34.001Z,config-reloader,logging,alloy-6kxkq,7221248
2026-10-10T12:48:49.001Z,config-reloader,logging,alloy-6kxkq,7221248
2026-10-10T12:49:04.001Z,config-reloader,logging,alloy-6kxkq,7221248
2026-10-10T12:49:19.001Z,config-reloader,logging,alloy-6kxkq,7221248
2026-10-10T12:49:34.001Z,config-reloader,logging,alloy-6kxkq,7221248
2026-10-10T12:49:49.001Z,config-reloader,logging,alloy-6kxkq,7221248
2026-10-10T12:50:04.001Z,config-reloader,logging,alloy-6kxkq,7221248
2026-10-10T12:50:19.001Z,config-reloader,logging,alloy-6kxkq,7221248
2026-10-10T12:50:34.001Z,config-reloader,logging,alloy-6kxkq,7221248
2026-10-10T12:50:49.001Z,config-reloader,logging,alloy-6kxkq,7221248
2026-10-10T12:51:04.001Z,config-reloader,logging,alloy-6kxkq,7221248
2026-10-10T12:51:19.001Z,config-reloader,logging,alloy-6kxkq,7221248
2026-10-10T12:51:34.001Z,config-reloader,logging,alloy-6kxkq,7221248
2026-10-10T12:51:49.001Z,config-reloader,logging,alloy-6kxkq,7221248
2026-10-10T12:52:04.001Z,config-reloader,logging,alloy-6kxkq,7221248
2026-10-10T12:52:19.001Z,config-reloader,logging,alloy-6kxkq,7221248
2026-10-10T12:52:34.001Z,config-reloader,logging,alloy-6kxkq,7221248
2026-10-10T12:52:49.001Z,config-reloader,logging,alloy-6kxkq,7221248
2026-10-10T12:53:04.001Z,config-reloader,logging,alloy-6kxkq,7221248
2026-10-10T12:53:19.001Z,config-reloader,logging,alloy-6kxkq,7221248
2026-10-10T12:53:34.001Z,config-reloader,logging,alloy-6kxkq,7221248
2026-10-10T12:53:49.001Z,config-reloader,logging,alloy-6kxkq,7221248
2026-10-10T12:54:04.001Z,config-reloader,logging,alloy-6kxkq,7221248
2026-10-10T12:54:19.001Z,config-reloader,logging,alloy-6kxkq,7221248
2026-10-10T12:54:34.001Z,config-reloader,logging,alloy-6kxkq,7221248
2026-10-10T12:54:49.001Z,config-reloader,logging,alloy-6kxkq,7221248
2026-10-10T12:55:04.001Z,config-reloader,logging,alloy-6kxkq,7221248
2026-10-10T12:55:19.001Z,config-reloader,logging,alloy-6kxkq,7221248
2026-10-10T12:55:34.001Z,config-reloader,logging,alloy-6kxkq,7221248
2026-10-10T12:55:49.001Z,config-reloader,logging,alloy-6kxkq,7221248
2026-10-10T12:56:04.001Z,config-reloader,logging,alloy-6kxkq,7221248
2026-10-10T12:56:19.001Z,config-reloader,logging,alloy-6kxkq,7221248
2026-10-10T12:56:34.001Z,config-reloader,logging,alloy-6kxkq,7221248
2026-10-10T12:56:49.001Z,config-reloader,logging,alloy-6kxkq,7221248
2026-10-10T12:57:04.001Z,config-reloader,logging,alloy-6kxkq,7221248
2026-10-10T12:57:19.001Z,config-reloader,logging,alloy-6kxkq,7221248
2026-10-10T12:22:49.001Z,config-reloader,monitoring,prometheus-monitoring-kube-prometheus-prometheus-0,12369920
2026-10-10T12:23:04.001Z,config-reloader,monitoring,prometheus-monitoring-kube-prometheus-prometheus-0,12369920
2026-10-10T12:23:19.001Z,config-reloader,monitoring,prometheus-monitoring-kube-prometheus-prometheus-0,12382208
2026-10-10T12:23:34.001Z,config-reloader,monitoring,prometheus-monitoring-kube-prometheus-prometheus-0,12656640
2026-10-10T12:23:49.001Z,config-reloader,monitoring,prometheus-monitoring-kube-prometheus-prometheus-0,13451264
2026-10-10T12:24:04.001Z,config-reloader,monitoring,prometheus-monitoring-kube-prometheus-prometheus-0,12455936
2026-10-10T12:24:19.001Z,config-reloader,monitoring,prometheus-monitoring-kube-prometheus-prometheus-0,12455936
2026-10-10T12:24:34.001Z,config-reloader,monitoring,prometheus-monitoring-kube-prometheus-prometheus-0,12455936
2026-10-10T12:24:49.001Z,config-reloader,monitoring,prometheus-monitoring-kube-prometheus-prometheus-0,12455936
2026-10-10T12:25:04.001Z,config-reloader,monitoring,prometheus-monitoring-kube-prometheus-prometheus-0,12455936
2026-10-10T12:25:19.001Z,config-reloader,monitoring,prometheus-monitoring-kube-prometheus-prometheus-0,12455936
2026-10-10T12:25:34.001Z,config-reloader,monitoring,prometheus-monitoring-kube-prometheus-prometheus-0,12455936
2026-10-10T12:25:49.001Z,config-reloader,monitoring,prometheus-monitoring-kube-prometheus-prometheus-0,13611008
2026-10-10T12:26:04.001Z,config-reloader,monitoring,prometheus-monitoring-kube-prometheus-prometheus-0,13602816
2026-10-10T12:26:19.001Z,config-reloader,monitoring,prometheus-monitoring-kube-prometheus-prometheus-0,13602816
2026-10-10T12:26:34.001Z,config-reloader,monitoring,prometheus-monitoring-kube-prometheus-prometheus-0,13602816
2026-10-10T12:26:49.001Z,config-reloader,monitoring,prometheus-monitoring-kube-prometheus-prometheus-0,13602816
2026-10-10T12:27:04.001Z,config-reloader,monitoring,prometheus-monitoring-kube-prometheus-prometheus-0,13602816
2026-10-10T12:27:19.001Z,config-reloader,monitoring,prometheus-monitoring-kube-prometheus-prometheus-0,13602816
2026-10-10T12:27:34.001Z,config-reloader,monitoring,prometheus-monitoring-kube-prometheus-prometheus-0,13602816
2026-10-10T12:27:49.001Z,config-reloader,monitoring,prometheus-monitoring-kube-prometheus-prometheus-0,13860864
2026-10-10T12:28:04.001Z,config-reloader,monitoring,prometheus-monitoring-kube-prometheus-prometheus-0,12271616
2026-10-10T12:28:19.001Z,config-reloader,monitoring,prometheus-monitoring-kube-prometheus-prometheus-0,12271616
2026-10-10T12:28:34.001Z,config-reloader,monitoring,prometheus-monitoring-kube-prometheus-prometheus-0,12005376
2026-10-10T12:28:49.001Z,config-reloader,monitoring,prometheus-monitoring-kube-prometheus-prometheus-0,12394496
2026-10-10T12:29:04.001Z,config-reloader,monitoring,prometheus-monitoring-kube-prometheus-prometheus-0,11984896
2026-10-10T12:29:19.001Z,config-reloader,monitoring,prometheus-monitoring-kube-prometheus-prometheus-0,12644352
2026-10-10T12:29:34.001Z,config-reloader,monitoring,prometheus-monitoring-kube-prometheus-prometheus-0,12644352
2026-10-10T12:29:49.001Z,config-reloader,monitoring,prometheus-monitoring-kube-prometheus-prometheus-0,12644352
2026-10-10T12:30:04.001Z,config-reloader,monitoring,prometheus-monitoring-kube-prometheus-prometheus-0,12644352
2026-10-10T12:30:19.001Z,config-reloader,monitoring,prometheus-monitoring-kube-prometheus-prometheus-0,12644352
2026-10-10T12:30:34.001Z,config-reloader,monitoring,prometheus-monitoring-kube-prometheus-prometheus-0,12644352
2026-10-10T12:30:49.001Z,config-reloader,monitoring,prometheus-monitoring-kube-prometheus-prometheus-0,12644352
2026-10-10T12:31:04.001Z,config-reloader,monitoring,prometheus-monitoring-kube-prometheus-prometheus-0,12677120
2026-10-10T12:31:19.001Z,config-reloader,monitoring,prometheus-monitoring-kube-prometheus-prometheus-0,12414976
2026-10-10T12:31:34.001Z,config-reloader,monitoring,prometheus-monitoring-kube-prometheus-prometheus-0,12435456
2026-10-10T12:31:49.001Z,config-reloader,monitoring,prometheus-monitoring-kube-prometheus-prometheus-0,12963840
2026-10-10T12:32:04.001Z,config-reloader,monitoring,prometheus-monitoring-kube-prometheus-prometheus-0,12963840
2026-10-10T12:32:19.001Z,config-reloader,monitoring,prometheus-monitoring-kube-prometheus-prometheus-0,12001280
2026-10-10T12:32:34.001Z,config-reloader,monitoring,prometheus-monitoring-kube-prometheus-prometheus-0,12660736
2026-10-10T12:32:49.001Z,config-reloader,monitoring,prometheus-monitoring-kube-prometheus-prometheus-0,12660736
2026-10-10T12:33:04.001Z,config-reloader,monitoring,prometheus-monitoring-kube-prometheus-prometheus-0,12660736
2026-10-10T12:33:19.001Z,config-reloader,monitoring,prometheus-monitoring-kube-prometheus-prometheus-0,12660736
2026-10-10T12:33:34.001Z,config-reloader,monitoring,prometheus-monitoring-kube-prometheus-prometheus-0,12181504
2026-10-10T12:33:49.001Z,config-reloader,monitoring,prometheus-monitoring-kube-prometheus-prometheus-0,12181504
2026-10-10T12:34:04.001Z,config-reloader,monitoring,prometheus-monitoring-kube-prometheus-prometheus-0,12181504
2026-10-10T12:34:19.001Z,config-reloader,monitoring,prometheus-monitoring-kube-prometheus-prometheus-0,12181504
2026-10-10T12:34:34.001Z,config-reloader,monitoring,prometheus-monitoring-kube-prometheus-prometheus-0,12181504
2026-10-10T12:34:49.001Z,config-reloader,monitoring,prometheus-monitoring-kube-prometheus-prometheus-0,12595200
2026-10-10T12:35:04.001Z,config-reloader,monitoring,prometheus-monitoring-kube-prometheus-prometheus-0,12595200
2026-10-10T12:35:19.001Z,config-reloader,monitoring,prometheus-monitoring-kube-prometheus-prometheus-0,12595200
2026-10-10T12:35:34.001Z,config-reloader,monitoring,prometheus-monitoring-kube-prometheus-prometheus-0,12595200
2026-10-10T12:35:49.001Z,config-reloader,monitoring,prometheus-monitoring-kube-prometheus-prometheus-0,12595200
2026-10-10T12:36:04.001Z,config-reloader,monitoring,prometheus-monitoring-kube-prometheus-prometheus-0,12595200
2026-10-10T12:36:19.001Z,config-reloader,monitoring,prometheus-monitoring-kube-prometheus-prometheus-0,12619776
2026-10-10T12:36:34.001Z,config-reloader,monitoring,prometheus-monitoring-kube-prometheus-prometheus-0,12685312
2026-10-10T12:36:49.001Z,config-reloader,monitoring,prometheus-monitoring-kube-prometheus-prometheus-0,12783616
2026-10-10T12:37:04.001Z,config-reloader,monitoring,prometheus-monitoring-kube-prometheus-prometheus-0,12279808
2026-10-10T12:37:19.001Z,config-reloader,monitoring,prometheus-monitoring-kube-prometheus-prometheus-0,12279808
2026-10-10T12:37:34.001Z,config-reloader,monitoring,prometheus-monitoring-kube-prometheus-prometheus-0,12304384
2026-10-10T12:37:49.001Z,config-reloader,monitoring,prometheus-monitoring-kube-prometheus-prometheus-0,12894208
2026-10-10T12:38:04.001Z,config-reloader,monitoring,prometheus-monitoring-kube-prometheus-prometheus-0,12890112
2026-10-10T12:38:19.001Z,config-reloader,monitoring,prometheus-monitoring-kube-prometheus-prometheus-0,12890112
2026-10-10T12:38:34.001Z,config-reloader,monitoring,prometheus-monitoring-kube-prometheus-prometheus-0,12890112
2026-10-10T12:38:49.001Z,config-reloader,monitoring,prometheus-monitoring-kube-prometheus-prometheus-0,12890112
2026-10-10T12:39:04.001Z,config-reloader,monitoring,prometheus-monitoring-kube-prometheus-prometheus-0,12890112
2026-10-10T12:39:19.001Z,config-reloader,monitoring,prometheus-monitoring-kube-prometheus-prometheus-0,12890112
2026-10-10T12:39:34.001Z,config-reloader,monitoring,prometheus-monitoring-kube-prometheus-prometheus-0,12890112
2026-10-10T12:39:49.001Z,config-reloader,monitoring,prometheus-monitoring-kube-prometheus-prometheus-0,12890112
2026-10-10T12:40:04.001Z,config-reloader,monitoring,prometheus-monitoring-kube-prometheus-prometheus-0,12890112
2026-10-10T12:40:19.001Z,config-reloader,monitoring,prometheus-monitoring-kube-prometheus-prometheus-0,11915264
2026-10-10T12:40:34.001Z,config-reloader,monitoring,prometheus-monitoring-kube-prometheus-prometheus-0,11919360
2026-10-10T12:40:49.001Z,config-reloader,monitoring,prometheus-monitoring-kube-prometheus-prometheus-0,12283904
2026-10-10T12:41:04.001Z,config-reloader,monitoring,prometheus-monitoring-kube-prometheus-prometheus-0,13066240
2026-10-10T12:41:19.001Z,config-reloader,monitoring,prometheus-monitoring-kube-prometheus-prometheus-0,13066240
2026-10-10T12:41:34.001Z,config-reloader,monitoring,prometheus-monitoring-kube-prometheus-prometheus-0,12283904
2026-10-10T12:41:49.001Z,config-reloader,monitoring,prometheus-monitoring-kube-prometheus-prometheus-0,12283904
2026-10-10T12:42:04.001Z,config-reloader,monitoring,prometheus-monitoring-kube-prometheus-prometheus-0,12288000
2026-10-10T12:42:19.001Z,config-reloader,monitoring,prometheus-monitoring-kube-prometheus-prometheus-0,12288000
2026-10-10T12:42:34.001Z,config-reloader,monitoring,prometheus-monitoring-kube-prometheus-prometheus-0,12283904
2026-10-10T12:42:49.001Z,config-reloader,monitoring,prometheus-monitoring-kube-prometheus-prometheus-0,12283904
2026-10-10T12:43:04.001Z,config-reloader,monitoring,prometheus-monitoring-kube-prometheus-prometheus-0,12292096
2026-10-10T12:43:19.001Z,config-reloader,monitoring,prometheus-monitoring-kube-prometheus-prometheus-0,12308480
2026-10-10T12:43:34.001Z,config-reloader,monitoring,prometheus-monitoring-kube-prometheus-prometheus-0,12365824
2026-10-10T12:43:49.001Z,config-reloader,monitoring,prometheus-monitoring-kube-prometheus-prometheus-0,13213696
2026-10-10T12:44:04.001Z,config-reloader,monitoring,prometheus-monitoring-kube-prometheus-prometheus-0,13209600
2026-10-10T12:44:19.001Z,config-reloader,monitoring,prometheus-monitoring-kube-prometheus-prometheus-0,13209600
2026-10-10T12:44:34.001Z,config-reloader,monitoring,prometheus-monitoring-kube-prometheus-prometheus-0,13209600
2026-10-10T12:44:49.001Z,config-reloader,monitoring,prometheus-monitoring-kube-prometheus-prometheus-0,13209600
2026-10-10T12:45:04.001Z,config-reloader,monitoring,prometheus-monitoring-kube-prometheus-prometheus-0,13209600
2026-10-10T12:45:19.001Z,config-reloader,monitoring,prometheus-monitoring-kube-prometheus-prometheus-0,13209600
2026-10-10T12:45:34.001Z,config-reloader,monitoring,prometheus-monitoring-kube-prometheus-prometheus-0,13209600
2026-10-10T12:45:49.001Z,config-reloader,monitoring,prometheus-monitoring-kube-prometheus-prometheus-0,13209600
2026-10-10T12:46:04.001Z,config-reloader,monitoring,prometheus-monitoring-kube-prometheus-prometheus-0,12152832
2026-10-10T12:46:19.001Z,config-reloader,monitoring,prometheus-monitoring-kube-prometheus-prometheus-0,12812288
2026-10-10T12:46:34.001Z,config-reloader,monitoring,prometheus-monitoring-kube-prometheus-prometheus-0,12812288
2026-10-10T12:46:49.001Z,config-reloader,monitoring,prometheus-monitoring-kube-prometheus-prometheus-0,13021184
2026-10-10T12:47:04.001Z,config-reloader,monitoring,prometheus-monitoring-kube-prometheus-prometheus-0,13021184
2026-10-10T12:47:19.001Z,config-reloader,monitoring,prometheus-monitoring-kube-prometheus-prometheus-0,13021184
2026-10-10T12:47:34.001Z,config-reloader,monitoring,prometheus-monitoring-kube-prometheus-prometheus-0,13021184
2026-10-10T12:47:49.001Z,config-reloader,monitoring,prometheus-monitoring-kube-prometheus-prometheus-0,13021184
2026-10-10T12:48:04.001Z,config-reloader,monitoring,prometheus-monitoring-kube-prometheus-prometheus-0,13021184
2026-10-10T12:48:19.001Z,config-reloader,monitoring,prometheus-monitoring-kube-prometheus-prometheus-0,13025280
2026-10-10T12:48:34.001Z,config-reloader,monitoring,prometheus-monitoring-kube-prometheus-prometheus-0,13025280
2026-10-10T12:48:49.001Z,config-reloader,monitoring,prometheus-monitoring-kube-prometheus-prometheus-0,13103104
2026-10-10T12:49:04.001Z,config-reloader,monitoring,prometheus-monitoring-kube-prometheus-prometheus-0,13275136
2026-10-10T12:49:19.001Z,config-reloader,monitoring,prometheus-monitoring-kube-prometheus-prometheus-0,12611584
2026-10-10T12:49:34.001Z,config-reloader,monitoring,prometheus-monitoring-kube-prometheus-prometheus-0,12660736
2026-10-10T12:49:49.001Z,config-reloader,monitoring,prometheus-monitoring-kube-prometheus-prometheus-0,13119488
2026-10-10T12:50:04.001Z,config-reloader,monitoring,prometheus-monitoring-kube-prometheus-prometheus-0,13119488
2026-10-10T12:50:19.001Z,config-reloader,monitoring,prometheus-monitoring-kube-prometheus-prometheus-0,13119488
2026-10-10T12:50:34.001Z,config-reloader,monitoring,prometheus-monitoring-kube-prometheus-prometheus-0,13119488
2026-10-10T12:50:49.001Z,config-reloader,monitoring,prometheus-monitoring-kube-prometheus-prometheus-0,13119488
2026-10-10T12:51:04.001Z,config-reloader,monitoring,prometheus-monitoring-kube-prometheus-prometheus-0,13119488
2026-10-10T12:51:19.001Z,config-reloader,monitoring,prometheus-monitoring-kube-prometheus-prometheus-0,13119488
2026-10-10T12:51:34.001Z,config-reloader,monitoring,prometheus-monitoring-kube-prometheus-prometheus-0,13119488
2026-10-10T12:51:49.001Z,config-reloader,monitoring,prometheus-monitoring-kube-prometheus-prometheus-0,13119488
2026-10-10T12:52:04.001Z,config-reloader,monitoring,prometheus-monitoring-kube-prometheus-prometheus-0,13119488
2026-10-10T12:52:19.001Z,config-reloader,monitoring,prometheus-monitoring-kube-prometheus-prometheus-0,11849728
2026-10-10T12:52:34.001Z,config-reloader,monitoring,prometheus-monitoring-kube-prometheus-prometheus-0,11849728
2026-10-10T12:52:49.001Z,config-reloader,monitoring,prometheus-monitoring-kube-prometheus-prometheus-0,11849728
2026-10-10T12:53:04.001Z,config-reloader,monitoring,prometheus-monitoring-kube-prometheus-prometheus-0,12320768
2026-10-10T12:53:19.001Z,config-reloader,monitoring,prometheus-monitoring-kube-prometheus-prometheus-0,12320768
2026-10-10T12:53:34.001Z,config-reloader,monitoring,prometheus-monitoring-kube-prometheus-prometheus-0,12320768
2026-10-10T12:53:49.001Z,config-reloader,monitoring,prometheus-monitoring-kube-prometheus-prometheus-0,12320768
2026-10-10T12:54:04.001Z,config-reloader,monitoring,prometheus-monitoring-kube-prometheus-prometheus-0,12320768
2026-10-10T12:54:19.001Z,config-reloader,monitoring,prometheus-monitoring-kube-prometheus-prometheus-0,12320768
2026-10-10T12:54:34.001Z,config-reloader,monitoring,prometheus-monitoring-kube-prometheus-prometheus-0,12320768
2026-10-10T12:54:49.001Z,config-reloader,monitoring,prometheus-monitoring-kube-prometheus-prometheus-0,12320768
2026-10-10T12:55:04.001Z,config-reloader,monitoring,prometheus-monitoring-kube-prometheus-prometheus-0,12320768
2026-10-10T12:55:19.001Z,config-reloader,monitoring,prometheus-monitoring-kube-prometheus-prometheus-0,11857920
2026-10-10T12:55:34.001Z,config-reloader,monitoring,prometheus-monitoring-kube-prometheus-prometheus-0,11857920
2026-10-10T12:55:49.001Z,config-reloader,monitoring,prometheus-monitoring-kube-prometheus-prometheus-0,12357632
2026-10-10T12:56:04.001Z,config-reloader,monitoring,prometheus-monitoring-kube-prometheus-prometheus-0,12357632
2026-10-10T12:56:19.001Z,config-reloader,monitoring,prometheus-monitoring-kube-prometheus-prometheus-0,12357632
2026-10-10T12:56:34.001Z,config-reloader,monitoring,prometheus-monitoring-kube-prometheus-prometheus-0,12357632
2026-10-10T12:56:49.001Z,config-reloader,monitoring,prometheus-monitoring-kube-prometheus-prometheus-0,12357632
2026-10-10T12:57:04.001Z,config-reloader,monitoring,prometheus-monitoring-kube-prometheus-prometheus-0,12357632
2026-10-10T12:57:19.001Z,config-reloader,monitoring,prometheus-monitoring-kube-prometheus-prometheus-0,12357632
2026-10-10T12:22:49.001Z,coredns,kube-system,coredns-577d995dff-b7bmz,26632192
2026-10-10T12:23:04.001Z,coredns,kube-system,coredns-577d995dff-b7bmz,26886144
2026-10-10T12:23:19.001Z,coredns,kube-system,coredns-577d995dff-b7bmz,26894336
2026-10-10T12:23:34.001Z,coredns,kube-system,coredns-577d995dff-b7bmz,27807744
2026-10-10T12:23:49.001Z,coredns,kube-system,coredns-577d995dff-b7bmz,28205056
2026-10-10T12:24:04.001Z,coredns,kube-system,coredns-577d995dff-b7bmz,28209152
2026-10-10T12:24:19.001Z,coredns,kube-system,coredns-577d995dff-b7bmz,28475392
2026-10-10T12:24:34.001Z,coredns,kube-system,coredns-577d995dff-b7bmz,29007872
2026-10-10T12:24:49.001Z,coredns,kube-system,coredns-577d995dff-b7bmz,28999680
2026-10-10T12:25:04.001Z,coredns,kube-system,coredns-577d995dff-b7bmz,28889088
2026-10-10T12:25:19.001Z,coredns,kube-system,coredns-577d995dff-b7bmz,29671424
2026-10-10T12:25:34.001Z,coredns,kube-system,coredns-577d995dff-b7bmz,31252480
2026-10-10T12:25:49.001Z,coredns,kube-system,coredns-577d995dff-b7bmz,28033024
2026-10-10T12:26:04.001Z,coredns,kube-system,coredns-577d995dff-b7bmz,28852224
2026-10-10T12:26:19.001Z,coredns,kube-system,coredns-577d995dff-b7bmz,29429760
2026-10-10T12:26:34.001Z,coredns,kube-system,coredns-577d995dff-b7bmz,28938240
2026-10-10T12:26:49.001Z,coredns,kube-system,coredns-577d995dff-b7bmz,28749824
2026-10-10T12:27:04.001Z,coredns,kube-system,coredns-577d995dff-b7bmz,29683712
2026-10-10T12:27:19.001Z,coredns,kube-system,coredns-577d995dff-b7bmz,28954624
2026-10-10T12:27:34.001Z,coredns,kube-system,coredns-577d995dff-b7bmz,29097984
2026-10-10T12:27:49.001Z,coredns,kube-system,coredns-577d995dff-b7bmz,29097984
2026-10-10T12:28:04.001Z,coredns,kube-system,coredns-577d995dff-b7bmz,29102080
2026-10-10T12:28:19.001Z,coredns,kube-system,coredns-577d995dff-b7bmz,29102080
2026-10-10T12:28:34.001Z,coredns,kube-system,coredns-577d995dff-b7bmz,28618752
2026-10-10T12:28:49.001Z,coredns,kube-system,coredns-577d995dff-b7bmz,28577792
2026-10-10T12:29:04.001Z,coredns,kube-system,coredns-577d995dff-b7bmz,28467200
2026-10-10T12:29:19.001Z,coredns,kube-system,coredns-577d995dff-b7bmz,29253632
2026-10-10T12:29:34.001Z,coredns,kube-system,coredns-577d995dff-b7bmz,28684288
2026-10-10T12:29:49.001Z,coredns,kube-system,coredns-577d995dff-b7bmz,28217344
2026-10-10T12:30:04.001Z,coredns,kube-system,coredns-577d995dff-b7bmz,27971584
2026-10-10T12:30:19.001Z,coredns,kube-system,coredns-577d995dff-b7bmz,28778496
2026-10-10T12:30:34.001Z,coredns,kube-system,coredns-577d995dff-b7bmz,28409856
2026-10-10T12:30:49.001Z,coredns,kube-system,coredns-577d995dff-b7bmz,29110272
2026-10-10T12:31:04.001Z,coredns,kube-system,coredns-577d995dff-b7bmz,29110272
2026-10-10T12:31:19.001Z,coredns,kube-system,coredns-577d995dff-b7bmz,28348416
2026-10-10T12:31:34.001Z,coredns,kube-system,coredns-577d995dff-b7bmz,28581888
2026-10-10T12:31:49.001Z,coredns,kube-system,coredns-577d995dff-b7bmz,28844032
2026-10-10T12:32:04.001Z,coredns,kube-system,coredns-577d995dff-b7bmz,28577792
2026-10-10T12:32:19.001Z,coredns,kube-system,coredns-577d995dff-b7bmz,28594176
2026-10-10T12:32:34.001Z,coredns,kube-system,coredns-577d995dff-b7bmz,28585984
2026-10-10T12:32:49.001Z,coredns,kube-system,coredns-577d995dff-b7bmz,28024832
2026-10-10T12:33:04.001Z,coredns,kube-system,coredns-577d995dff-b7bmz,28008448
2026-10-10T12:33:19.001Z,coredns,kube-system,coredns-577d995dff-b7bmz,28008448
2026-10-10T12:33:34.001Z,coredns,kube-system,coredns-577d995dff-b7bmz,27586560
2026-10-10T12:33:49.001Z,coredns,kube-system,coredns-577d995dff-b7bmz,28499968
2026-10-10T12:34:04.001Z,coredns,kube-system,coredns-577d995dff-b7bmz,28499968
2026-10-10T12:34:19.001Z,coredns,kube-system,coredns-577d995dff-b7bmz,27983872
2026-10-10T12:34:34.001Z,coredns,kube-system,coredns-577d995dff-b7bmz,27684864
2026-10-10T12:34:49.001Z,coredns,kube-system,coredns-577d995dff-b7bmz,28467200
2026-10-10T12:35:04.001Z,coredns,kube-system,coredns-577d995dff-b7bmz,28467200
2026-10-10T12:35:19.001Z,coredns,kube-system,coredns-577d995dff-b7bmz,27684864
2026-10-10T12:35:34.001Z,coredns,kube-system,coredns-577d995dff-b7bmz,28348416
2026-10-10T12:35:49.001Z,coredns,kube-system,coredns-577d995dff-b7bmz,29392896
2026-10-10T12:36:04.001Z,coredns,kube-system,coredns-577d995dff-b7bmz,28168192
2026-10-10T12:36:19.001Z,coredns,kube-system,coredns-577d995dff-b7bmz,27377664
2026-10-10T12:36:34.001Z,coredns,kube-system,coredns-577d995dff-b7bmz,28168192
2026-10-10T12:36:49.001Z,coredns,kube-system,coredns-577d995dff-b7bmz,27963392
2026-10-10T12:37:04.001Z,coredns,kube-system,coredns-577d995dff-b7bmz,28364800
2026-10-10T12:37:19.001Z,coredns,kube-system,coredns-577d995dff-b7bmz,27754496
2026-10-10T12:37:34.001Z,coredns,kube-system,coredns-577d995dff-b7bmz,27754496
2026-10-10T12:37:49.001Z,coredns,kube-system,coredns-577d995dff-b7bmz,27754496
2026-10-10T12:38:04.001Z,coredns,kube-system,coredns-577d995dff-b7bmz,27758592
2026-10-10T12:38:19.001Z,coredns,kube-system,coredns-577d995dff-b7bmz,28536832
2026-10-10T12:38:34.001Z,coredns,kube-system,coredns-577d995dff-b7bmz,28016640
2026-10-10T12:38:49.001Z,coredns,kube-system,coredns-577d995dff-b7bmz,28286976
2026-10-10T12:39:04.001Z,coredns,kube-system,coredns-577d995dff-b7bmz,28835840
2026-10-10T12:39:19.001Z,coredns,kube-system,coredns-577d995dff-b7bmz,28876800
2026-10-10T12:39:34.001Z,coredns,kube-system,coredns-577d995dff-b7bmz,28995584
2026-10-10T12:39:49.001Z,coredns,kube-system,coredns-577d995dff-b7bmz,28266496
2026-10-10T12:40:04.001Z,coredns,kube-system,coredns-577d995dff-b7bmz,28884992
2026-10-10T12:40:19.001Z,coredns,kube-system,coredns-577d995dff-b7bmz,27668480
2026-10-10T12:40:34.001Z,coredns,kube-system,coredns-577d995dff-b7bmz,27656192
2026-10-10T12:40:49.001Z,coredns,kube-system,coredns-577d995dff-b7bmz,27398144
2026-10-10T12:41:04.001Z,coredns,kube-system,coredns-577d995dff-b7bmz,27664384
2026-10-10T12:41:19.001Z,coredns,kube-system,coredns-577d995dff-b7bmz,27398144
2026-10-10T12:41:34.001Z,coredns,kube-system,coredns-577d995dff-b7bmz,27652096
2026-10-10T12:41:49.001Z,coredns,kube-system,coredns-577d995dff-b7bmz,28786688
2026-10-10T12:42:04.001Z,coredns,kube-system,coredns-577d995dff-b7bmz,27734016
2026-10-10T12:42:19.001Z,coredns,kube-system,coredns-577d995dff-b7bmz,27475968
2026-10-10T12:42:34.001Z,coredns,kube-system,coredns-577d995dff-b7bmz,28139520
2026-10-10T12:42:49.001Z,coredns,kube-system,coredns-577d995dff-b7bmz,28139520
2026-10-10T12:43:04.001Z,coredns,kube-system,coredns-577d995dff-b7bmz,28135424
2026-10-10T12:43:19.001Z,coredns,kube-system,coredns-577d995dff-b7bmz,28143616
2026-10-10T12:43:34.001Z,coredns,kube-system,coredns-577d995dff-b7bmz,28405760
2026-10-10T12:43:49.001Z,coredns,kube-system,coredns-577d995dff-b7bmz,28151808
2026-10-10T12:44:04.001Z,coredns,kube-system,coredns-577d995dff-b7bmz,28160000
2026-10-10T12:44:19.001Z,coredns,kube-system,coredns-577d995dff-b7bmz,28168192
2026-10-10T12:44:34.001Z,coredns,kube-system,coredns-577d995dff-b7bmz,28684288
2026-10-10T12:44:49.001Z,coredns,kube-system,coredns-577d995dff-b7bmz,28684288
2026-10-10T12:45:04.001Z,coredns,kube-system,coredns-577d995dff-b7bmz,28422144
2026-10-10T12:45:19.001Z,coredns,kube-system,coredns-577d995dff-b7bmz,29196288
2026-10-10T12:45:34.001Z,coredns,kube-system,coredns-577d995dff-b7bmz,28168192
2026-10-10T12:45:49.001Z,coredns,kube-system,coredns-577d995dff-b7bmz,28950528
2026-10-10T12:46:04.001Z,coredns,kube-system,coredns-577d995dff-b7bmz,28430336
2026-10-10T12:46:19.001Z,coredns,kube-system,coredns-577d995dff-b7bmz,28430336
2026-10-10T12:46:34.001Z,coredns,kube-system,coredns-577d995dff-b7bmz,28946432
2026-10-10T12:46:49.001Z,coredns,kube-system,coredns-577d995dff-b7bmz,28692480
2026-10-10T12:47:04.001Z,coredns,kube-system,coredns-577d995dff-b7bmz,28688384
2026-10-10T12:47:19.001Z,coredns,kube-system,coredns-577d995dff-b7bmz,28172288
2026-10-10T12:47:34.001Z,coredns,kube-system,coredns-577d995dff-b7bmz,28684288
2026-10-10T12:47:49.001Z,coredns,kube-system,coredns-577d995dff-b7bmz,28438528
2026-10-10T12:48:04.001Z,coredns,kube-system,coredns-577d995dff-b7bmz,29216768
2026-10-10T12:48:19.001Z,coredns,kube-system,coredns-577d995dff-b7bmz,28172288
2026-10-10T12:48:34.001Z,coredns,kube-system,coredns-577d995dff-b7bmz,28442624
2026-10-10T12:48:49.001Z,coredns,kube-system,coredns-577d995dff-b7bmz,28176384
2026-10-10T12:49:04.001Z,coredns,kube-system,coredns-577d995dff-b7bmz,28176384
2026-10-10T12:49:19.001Z,coredns,kube-system,coredns-577d995dff-b7bmz,28176384
2026-10-10T12:49:34.001Z,coredns,kube-system,coredns-577d995dff-b7bmz,28692480
2026-10-10T12:49:49.001Z,coredns,kube-system,coredns-577d995dff-b7bmz,28946432
2026-10-10T12:50:04.001Z,coredns,kube-system,coredns-577d995dff-b7bmz,25636864
2026-10-10T12:50:19.001Z,coredns,kube-system,coredns-577d995dff-b7bmz,25374720
2026-10-10T12:50:34.001Z,coredns,kube-system,coredns-577d995dff-b7bmz,25378816
2026-10-10T12:50:49.001Z,coredns,kube-system,coredns-577d995dff-b7bmz,25640960
2026-10-10T12:51:04.001Z,coredns,kube-system,coredns-577d995dff-b7bmz,25640960
2026-10-10T12:51:19.001Z,coredns,kube-system,coredns-577d995dff-b7bmz,26034176
2026-10-10T12:51:34.001Z,coredns,kube-system,coredns-577d995dff-b7bmz,26554368
2026-10-10T12:51:49.001Z,coredns,kube-system,coredns-577d995dff-b7bmz,25550848
2026-10-10T12:52:04.001Z,coredns,kube-system,coredns-577d995dff-b7bmz,26845184
2026-10-10T12:52:19.001Z,coredns,kube-system,coredns-577d995dff-b7bmz,26456064
2026-10-10T12:52:34.001Z,coredns,kube-system,coredns-577d995dff-b7bmz,26456064
2026-10-10T12:52:49.001Z,coredns,kube-system,coredns-577d995dff-b7bmz,26861568
2026-10-10T12:53:04.001Z,coredns,kube-system,coredns-577d995dff-b7bmz,27389952
2026-10-10T12:53:19.001Z,coredns,kube-system,coredns-577d995dff-b7bmz,27918336
2026-10-10T12:53:34.001Z,coredns,kube-system,coredns-577d995dff-b7bmz,27910144
2026-10-10T12:53:49.001Z,coredns,kube-system,coredns-577d995dff-b7bmz,28286976
2026-10-10T12:54:04.001Z,coredns,kube-system,coredns-577d995dff-b7bmz,27291648
2026-10-10T12:54:19.001Z,coredns,kube-system,coredns-577d995dff-b7bmz,27385856
2026-10-10T12:54:34.001Z,coredns,kube-system,coredns-577d995dff-b7bmz,27987968
2026-10-10T12:54:49.001Z,coredns,kube-system,coredns-577d995dff-b7bmz,27246592
2026-10-10T12:55:04.001Z,coredns,kube-system,coredns-577d995dff-b7bmz,27488256
2026-10-10T12:55:19.001Z,coredns,kube-system,coredns-577d995dff-b7bmz,27525120
2026-10-10T12:55:34.001Z,coredns,kube-system,coredns-577d995dff-b7bmz,28315648
2026-10-10T12:55:49.001Z,coredns,kube-system,coredns-577d995dff-b7bmz,26226688
2026-10-10T12:56:04.001Z,coredns,kube-system,coredns-577d995dff-b7bmz,25968640
2026-10-10T12:56:19.001Z,coredns,kube-system,coredns-577d995dff-b7bmz,26234880
2026-10-10T12:56:34.001Z,coredns,kube-system,coredns-577d995dff-b7bmz,26148864
2026-10-10T12:56:49.001Z,coredns,kube-system,coredns-577d995dff-b7bmz,27209728
2026-10-10T12:57:04.001Z,coredns,kube-system,coredns-577d995dff-b7bmz,26816512
2026-10-10T12:57:19.001Z,coredns,kube-system,coredns-577d995dff-b7bmz,27729920
2026-10-10T12:22:49.001Z,digital-twin-registry,customer,dtr-7bcb47c4f7-kll46,898609152
2026-10-10T12:23:04.001Z,digital-twin-registry,customer,dtr-7bcb47c4f7-kll46,898609152
2026-10-10T12:23:19.001Z,digital-twin-registry,customer,dtr-7bcb47c4f7-kll46,898203648
2026-10-10T12:23:34.001Z,digital-twin-registry,customer,dtr-7bcb47c4f7-kll46,899571712
2026-10-10T12:23:49.001Z,digital-twin-registry,customer,dtr-7bcb47c4f7-kll46,901136384
2026-10-10T12:24:04.001Z,digital-twin-registry,customer,dtr-7bcb47c4f7-kll46,901136384
2026-10-10T12:24:19.001Z,digital-twin-registry,customer,dtr-7bcb47c4f7-kll46,902983680
2026-10-10T12:24:34.001Z,digital-twin-registry,customer,dtr-7bcb47c4f7-kll46,902057984
2026-10-10T12:24:49.001Z,digital-twin-registry,customer,dtr-7bcb47c4f7-kll46,903135232
2026-10-10T12:25:04.001Z,digital-twin-registry,customer,dtr-7bcb47c4f7-kll46,903667712
2026-10-10T12:25:19.001Z,digital-twin-registry,customer,dtr-7bcb47c4f7-kll46,904564736
2026-10-10T12:25:34.001Z,digital-twin-registry,customer,dtr-7bcb47c4f7-kll46,905375744
2026-10-10T12:25:49.001Z,digital-twin-registry,customer,dtr-7bcb47c4f7-kll46,905375744
2026-10-10T12:26:04.001Z,digital-twin-registry,customer,dtr-7bcb47c4f7-kll46,906829824
2026-10-10T12:26:19.001Z,digital-twin-registry,customer,dtr-7bcb47c4f7-kll46,907517952
2026-10-10T12:26:34.001Z,digital-twin-registry,customer,dtr-7bcb47c4f7-kll46,908980224
2026-10-10T12:26:49.001Z,digital-twin-registry,customer,dtr-7bcb47c4f7-kll46,909385728
2026-10-10T12:27:04.001Z,digital-twin-registry,customer,dtr-7bcb47c4f7-kll46,909914112
2026-10-10T12:27:19.001Z,digital-twin-registry,customer,dtr-7bcb47c4f7-kll46,911368192
2026-10-10T12:27:34.001Z,digital-twin-registry,customer,dtr-7bcb47c4f7-kll46,911368192
2026-10-10T12:27:49.001Z,digital-twin-registry,customer,dtr-7bcb47c4f7-kll46,912994304
2026-10-10T12:28:04.001Z,digital-twin-registry,customer,dtr-7bcb47c4f7-kll46,914317312
2026-10-10T12:28:19.001Z,digital-twin-registry,customer,dtr-7bcb47c4f7-kll46,913977344
2026-10-10T12:28:34.001Z,digital-twin-registry,customer,dtr-7bcb47c4f7-kll46,914894848
2026-10-10T12:28:49.001Z,digital-twin-registry,customer,dtr-7bcb47c4f7-kll46,915468288
2026-10-10T12:29:04.001Z,digital-twin-registry,customer,dtr-7bcb47c4f7-kll46,916115456
2026-10-10T12:29:19.001Z,digital-twin-registry,customer,dtr-7bcb47c4f7-kll46,916115456
2026-10-10T12:29:34.001Z,digital-twin-registry,customer,dtr-7bcb47c4f7-kll46,917606400
2026-10-10T12:29:49.001Z,digital-twin-registry,customer,dtr-7bcb47c4f7-kll46,918454272
2026-10-10T12:30:04.001Z,digital-twin-registry,customer,dtr-7bcb47c4f7-kll46,918454272
2026-10-10T12:30:19.001Z,digital-twin-registry,customer,dtr-7bcb47c4f7-kll46,920698880
2026-10-10T12:30:34.001Z,digital-twin-registry,customer,dtr-7bcb47c4f7-kll46,921337856
2026-10-10T12:30:49.001Z,digital-twin-registry,customer,dtr-7bcb47c4f7-kll46,921309184
2026-10-10T12:31:04.001Z,digital-twin-registry,customer,dtr-7bcb47c4f7-kll46,927080448
2026-10-10T12:31:19.001Z,digital-twin-registry,customer,dtr-7bcb47c4f7-kll46,928632832
2026-10-10T12:31:34.001Z,digital-twin-registry,customer,dtr-7bcb47c4f7-kll46,927092736
2026-10-10T12:31:49.001Z,digital-twin-registry,customer,dtr-7bcb47c4f7-kll46,927105024
2026-10-10T12:32:04.001Z,digital-twin-registry,customer,dtr-7bcb47c4f7-kll46,927100928
2026-10-10T12:32:19.001Z,digital-twin-registry,customer,dtr-7bcb47c4f7-kll46,927342592
2026-10-10T12:32:34.001Z,digital-twin-registry,customer,dtr-7bcb47c4f7-kll46,928145408
2026-10-10T12:32:49.001Z,digital-twin-registry,customer,dtr-7bcb47c4f7-kll46,927371264
2026-10-10T12:33:04.001Z,digital-twin-registry,customer,dtr-7bcb47c4f7-kll46,927096832
2026-10-10T12:33:19.001Z,digital-twin-registry,customer,dtr-7bcb47c4f7-kll46,927096832
2026-10-10T12:33:34.001Z,digital-twin-registry,customer,dtr-7bcb47c4f7-kll46,927105024
2026-10-10T12:33:49.001Z,digital-twin-registry,customer,dtr-7bcb47c4f7-kll46,927105024
2026-10-10T12:34:04.001Z,digital-twin-registry,customer,dtr-7bcb47c4f7-kll46,927109120
2026-10-10T12:34:19.001Z,digital-twin-registry,customer,dtr-7bcb47c4f7-kll46,927117312
2026-10-10T12:34:34.001Z,digital-twin-registry,customer,dtr-7bcb47c4f7-kll46,927125504
2026-10-10T12:34:49.001Z,digital-twin-registry,customer,dtr-7bcb47c4f7-kll46,927125504
2026-10-10T12:35:04.001Z,digital-twin-registry,customer,dtr-7bcb47c4f7-kll46,927125504
2026-10-10T12:35:19.001Z,digital-twin-registry,customer,dtr-7bcb47c4f7-kll46,927645696
2026-10-10T12:35:34.001Z,digital-twin-registry,customer,dtr-7bcb47c4f7-kll46,927195136
2026-10-10T12:35:49.001Z,digital-twin-registry,customer,dtr-7bcb47c4f7-kll46,927182848
2026-10-10T12:36:04.001Z,digital-twin-registry,customer,dtr-7bcb47c4f7-kll46,927989760
2026-10-10T12:36:19.001Z,digital-twin-registry,customer,dtr-7bcb47c4f7-kll46,927211520
2026-10-10T12:36:34.001Z,digital-twin-registry,customer,dtr-7bcb47c4f7-kll46,927735808
2026-10-10T12:36:49.001Z,digital-twin-registry,customer,dtr-7bcb47c4f7-kll46,927227904
2026-10-10T12:37:04.001Z,digital-twin-registry,customer,dtr-7bcb47c4f7-kll46,927240192
2026-10-10T12:37:19.001Z,digital-twin-registry,customer,dtr-7bcb47c4f7-kll46,927240192
2026-10-10T12:37:34.001Z,digital-twin-registry,customer,dtr-7bcb47c4f7-kll46,927240192
2026-10-10T12:37:49.001Z,digital-twin-registry,customer,dtr-7bcb47c4f7-kll46,928034816
2026-10-10T12:38:04.001Z,digital-twin-registry,customer,dtr-7bcb47c4f7-kll46,928034816
2026-10-10T12:38:19.001Z,digital-twin-registry,customer,dtr-7bcb47c4f7-kll46,927248384
2026-10-10T12:38:34.001Z,digital-twin-registry,customer,dtr-7bcb47c4f7-kll46,927256576
2026-10-10T12:38:49.001Z,digital-twin-registry,customer,dtr-7bcb47c4f7-kll46,928301056
2026-10-10T12:39:04.001Z,digital-twin-registry,customer,dtr-7bcb47c4f7-kll46,927539200
2026-10-10T12:39:19.001Z,digital-twin-registry,customer,dtr-7bcb47c4f7-kll46,928063488
2026-10-10T12:39:34.001Z,digital-twin-registry,customer,dtr-7bcb47c4f7-kll46,927305728
2026-10-10T12:39:49.001Z,digital-twin-registry,customer,dtr-7bcb47c4f7-kll46,927322112
2026-10-10T12:40:04.001Z,digital-twin-registry,customer,dtr-7bcb47c4f7-kll46,927346688
2026-10-10T12:40:19.001Z,digital-twin-registry,customer,dtr-7bcb47c4f7-kll46,927346688
2026-10-10T12:40:34.001Z,digital-twin-registry,customer,dtr-7bcb47c4f7-kll46,927371264
2026-10-10T12:40:49.001Z,digital-twin-registry,customer,dtr-7bcb47c4f7-kll46,927387648
2026-10-10T12:41:04.001Z,digital-twin-registry,customer,dtr-7bcb47c4f7-kll46,927383552
2026-10-10T12:41:19.001Z,digital-twin-registry,customer,dtr-7bcb47c4f7-kll46,927387648
2026-10-10T12:41:34.001Z,digital-twin-registry,customer,dtr-7bcb47c4f7-kll46,927395840
2026-10-10T12:41:49.001Z,digital-twin-registry,customer,dtr-7bcb47c4f7-kll46,927404032
2026-10-10T12:42:04.001Z,digital-twin-registry,customer,dtr-7bcb47c4f7-kll46,927404032
2026-10-10T12:42:19.001Z,digital-twin-registry,customer,dtr-7bcb47c4f7-kll46,927404032
2026-10-10T12:42:34.001Z,digital-twin-registry,customer,dtr-7bcb47c4f7-kll46,927404032
2026-10-10T12:42:49.001Z,digital-twin-registry,customer,dtr-7bcb47c4f7-kll46,927408128
2026-10-10T12:43:04.001Z,digital-twin-registry,customer,dtr-7bcb47c4f7-kll46,927408128
2026-10-10T12:43:19.001Z,digital-twin-registry,customer,dtr-7bcb47c4f7-kll46,927416320
2026-10-10T12:43:34.001Z,digital-twin-registry,customer,dtr-7bcb47c4f7-kll46,928264192
2026-10-10T12:43:49.001Z,digital-twin-registry,customer,dtr-7bcb47c4f7-kll46,927485952
2026-10-10T12:44:04.001Z,digital-twin-registry,customer,dtr-7bcb47c4f7-kll46,935591936
2026-10-10T12:44:19.001Z,digital-twin-registry,customer,dtr-7bcb47c4f7-kll46,928374784
2026-10-10T12:44:34.001Z,digital-twin-registry,customer,dtr-7bcb47c4f7-kll46,927584256
2026-10-10T12:44:49.001Z,digital-twin-registry,customer,dtr-7bcb47c4f7-kll46,927596544
2026-10-10T12:45:04.001Z,digital-twin-registry,customer,dtr-7bcb47c4f7-kll46,927584256
2026-10-10T12:45:19.001Z,digital-twin-registry,customer,dtr-7bcb47c4f7-kll46,927588352
2026-10-10T12:45:34.001Z,digital-twin-registry,customer,dtr-7bcb47c4f7-kll46,928636928
2026-10-10T12:45:49.001Z,digital-twin-registry,customer,dtr-7bcb47c4f7-kll46,927588352
2026-10-10T12:46:04.001Z,digital-twin-registry,customer,dtr-7bcb47c4f7-kll46,927600640
2026-10-10T12:46:19.001Z,digital-twin-registry,customer,dtr-7bcb47c4f7-kll46,927592448
2026-10-10T12:46:34.001Z,digital-twin-registry,customer,dtr-7bcb47c4f7-kll46,928641024
2026-10-10T12:46:49.001Z,digital-twin-registry,customer,dtr-7bcb47c4f7-kll46,927854592
2026-10-10T12:47:04.001Z,digital-twin-registry,customer,dtr-7bcb47c4f7-kll46,927604736
2026-10-10T12:47:19.001Z,digital-twin-registry,customer,dtr-7bcb47c4f7-kll46,927592448
2026-10-10T12:47:34.001Z,digital-twin-registry,customer,dtr-7bcb47c4f7-kll46,927592448
2026-10-10T12:47:49.001Z,digital-twin-registry,customer,dtr-7bcb47c4f7-kll46,928641024
2026-10-10T12:48:04.001Z,digital-twin-registry,customer,dtr-7bcb47c4f7-kll46,927596544
2026-10-10T12:48:19.001Z,digital-twin-registry,customer,dtr-7bcb47c4f7-kll46,927596544
2026-10-10T12:48:34.001Z,digital-twin-registry,customer,dtr-7bcb47c4f7-kll46,927596544
2026-10-10T12:48:49.001Z,digital-twin-registry,customer,dtr-7bcb47c4f7-kll46,927596544
2026-10-10T12:49:04.001Z,digital-twin-registry,customer,dtr-7bcb47c4f7-kll46,927596544
2026-10-10T12:49:19.001Z,digital-twin-registry,customer,dtr-7bcb47c4f7-kll46,927596544
2026-10-10T12:49:34.001Z,digital-twin-registry,customer,dtr-7bcb47c4f7-kll46,927600640
2026-10-10T12:49:49.001Z,digital-twin-registry,customer,dtr-7bcb47c4f7-kll46,927604736
2026-10-10T12:50:04.001Z,digital-twin-registry,customer,dtr-7bcb47c4f7-kll46,927862784
2026-10-10T12:50:19.001Z,digital-twin-registry,customer,dtr-7bcb47c4f7-kll46,927604736
2026-10-10T12:50:34.001Z,digital-twin-registry,customer,dtr-7bcb47c4f7-kll46,927633408
2026-10-10T12:50:49.001Z,digital-twin-registry,customer,dtr-7bcb47c4f7-kll46,927633408
2026-10-10T12:51:04.001Z,digital-twin-registry,customer,dtr-7bcb47c4f7-kll46,927633408
2026-10-10T12:51:19.001Z,digital-twin-registry,customer,dtr-7bcb47c4f7-kll46,927633408
2026-10-10T12:51:34.001Z,digital-twin-registry,customer,dtr-7bcb47c4f7-kll46,928681984
2026-10-10T12:51:49.001Z,digital-twin-registry,customer,dtr-7bcb47c4f7-kll46,927752192
2026-10-10T12:52:04.001Z,digital-twin-registry,customer,dtr-7bcb47c4f7-kll46,928264192
2026-10-10T12:52:19.001Z,digital-twin-registry,customer,dtr-7bcb47c4f7-kll46,927744000
2026-10-10T12:52:34.001Z,digital-twin-registry,customer,dtr-7bcb47c4f7-kll46,928010240
2026-10-10T12:52:49.001Z,digital-twin-registry,customer,dtr-7bcb47c4f7-kll46,927756288
2026-10-10T12:53:04.001Z,digital-twin-registry,customer,dtr-7bcb47c4f7-kll46,927748096
2026-10-10T12:53:19.001Z,digital-twin-registry,customer,dtr-7bcb47c4f7-kll46,927752192
2026-10-10T12:53:34.001Z,digital-twin-registry,customer,dtr-7bcb47c4f7-kll46,927756288
2026-10-10T12:53:49.001Z,digital-twin-registry,customer,dtr-7bcb47c4f7-kll46,928014336
2026-10-10T12:54:04.001Z,digital-twin-registry,customer,dtr-7bcb47c4f7-kll46,928546816
2026-10-10T12:54:19.001Z,digital-twin-registry,customer,dtr-7bcb47c4f7-kll46,927756288
2026-10-10T12:54:34.001Z,digital-twin-registry,customer,dtr-7bcb47c4f7-kll46,927756288
2026-10-10T12:54:49.001Z,digital-twin-registry,customer,dtr-7bcb47c4f7-kll46,929050624
2026-10-10T12:55:04.001Z,digital-twin-registry,customer,dtr-7bcb47c4f7-kll46,928522240
2026-10-10T12:55:19.001Z,digital-twin-registry,customer,dtr-7bcb47c4f7-kll46,928829440
2026-10-10T12:55:34.001Z,digital-twin-registry,customer,dtr-7bcb47c4f7-kll46,927784960
2026-10-10T12:55:49.001Z,digital-twin-registry,customer,dtr-7bcb47c4f7-kll46,928477184
2026-10-10T12:56:04.001Z,digital-twin-registry,customer,dtr-7bcb47c4f7-kll46,927784960
2026-10-10T12:56:19.001Z,digital-twin-registry,customer,dtr-7bcb47c4f7-kll46,927784960
2026-10-10T12:56:34.001Z,digital-twin-registry,customer,dtr-7bcb47c4f7-kll46,927793152
2026-10-10T12:56:49.001Z,digital-twin-registry,customer,dtr-7bcb47c4f7-kll46,928043008
2026-10-10T12:57:04.001Z,digital-twin-registry,customer,dtr-7bcb47c4f7-kll46,928067584
2026-10-10T12:57:19.001Z,digital-twin-registry,customer,dtr-7bcb47c4f7-kll46,927801344
2026-10-10T12:22:49.001Z,digital-twin-registry,supplier,dtr-7bcb47c4f7-886wm,729239552
2026-10-10T12:23:04.001Z,digital-twin-registry,supplier,dtr-7bcb47c4f7-886wm,730054656
2026-10-10T12:23:19.001Z,digital-twin-registry,supplier,dtr-7bcb47c4f7-886wm,729571328
2026-10-10T12:23:34.001Z,digital-twin-registry,supplier,dtr-7bcb47c4f7-886wm,729313280
2026-10-10T12:23:49.001Z,digital-twin-registry,supplier,dtr-7bcb47c4f7-886wm,730923008
2026-10-10T12:24:04.001Z,digital-twin-registry,supplier,dtr-7bcb47c4f7-886wm,729939968
2026-10-10T12:24:19.001Z,digital-twin-registry,supplier,dtr-7bcb47c4f7-886wm,730316800
2026-10-10T12:24:34.001Z,digital-twin-registry,supplier,dtr-7bcb47c4f7-886wm,729534464
2026-10-10T12:24:49.001Z,digital-twin-registry,supplier,dtr-7bcb47c4f7-886wm,729550848
2026-10-10T12:25:04.001Z,digital-twin-registry,supplier,dtr-7bcb47c4f7-886wm,729550848
2026-10-10T12:25:19.001Z,digital-twin-registry,supplier,dtr-7bcb47c4f7-886wm,730562560
2026-10-10T12:25:34.001Z,digital-twin-registry,supplier,dtr-7bcb47c4f7-886wm,730562560
2026-10-10T12:25:49.001Z,digital-twin-registry,supplier,dtr-7bcb47c4f7-886wm,731611136
2026-10-10T12:26:04.001Z,digital-twin-registry,supplier,dtr-7bcb47c4f7-886wm,731742208
2026-10-10T12:26:19.001Z,digital-twin-registry,supplier,dtr-7bcb47c4f7-886wm,731484160
2026-10-10T12:26:34.001Z,digital-twin-registry,supplier,dtr-7bcb47c4f7-886wm,731922432
2026-10-10T12:26:49.001Z,digital-twin-registry,supplier,dtr-7bcb47c4f7-886wm,731926528
2026-10-10T12:27:04.001Z,digital-twin-registry,supplier,dtr-7bcb47c4f7-886wm,733024256
2026-10-10T12:27:19.001Z,digital-twin-registry,supplier,dtr-7bcb47c4f7-886wm,730775552
2026-10-10T12:27:34.001Z,digital-twin-registry,supplier,dtr-7bcb47c4f7-886wm,734507008
2026-10-10T12:27:49.001Z,digital-twin-registry,supplier,dtr-7bcb47c4f7-886wm,731410432
2026-10-10T12:28:04.001Z,digital-twin-registry,supplier,dtr-7bcb47c4f7-886wm,731410432
2026-10-10T12:28:19.001Z,digital-twin-registry,supplier,dtr-7bcb47c4f7-886wm,731762688
2026-10-10T12:28:34.001Z,digital-twin-registry,supplier,dtr-7bcb47c4f7-886wm,731590656
2026-10-10T12:28:49.001Z,digital-twin-registry,supplier,dtr-7bcb47c4f7-886wm,731865088
2026-10-10T12:29:04.001Z,digital-twin-registry,supplier,dtr-7bcb47c4f7-886wm,732282880
2026-10-10T12:29:19.001Z,digital-twin-registry,supplier,dtr-7bcb47c4f7-886wm,732901376
2026-10-10T12:29:34.001Z,digital-twin-registry,supplier,dtr-7bcb47c4f7-886wm,733130752
2026-10-10T12:29:49.001Z,digital-twin-registry,supplier,dtr-7bcb47c4f7-886wm,737763328
2026-10-10T12:30:04.001Z,digital-twin-registry,supplier,dtr-7bcb47c4f7-886wm,734339072
2026-10-10T12:30:19.001Z,digital-twin-registry,supplier,dtr-7bcb47c4f7-886wm,732983296
2026-10-10T12:30:34.001Z,digital-twin-registry,supplier,dtr-7bcb47c4f7-886wm,732983296
2026-10-10T12:30:49.001Z,digital-twin-registry,supplier,dtr-7bcb47c4f7-886wm,736894976
2026-10-10T12:31:04.001Z,digital-twin-registry,supplier,dtr-7bcb47c4f7-886wm,735846400
2026-10-10T12:31:19.001Z,digital-twin-registry,supplier,dtr-7bcb47c4f7-886wm,737845248
2026-10-10T12:31:34.001Z,digital-twin-registry,supplier,dtr-7bcb47c4f7-886wm,736002048
2026-10-10T12:31:49.001Z,digital-twin-registry,supplier,dtr-7bcb47c4f7-886wm,734461952
2026-10-10T12:32:04.001Z,digital-twin-registry,supplier,dtr-7bcb47c4f7-886wm,734461952
2026-10-10T12:32:19.001Z,digital-twin-registry,supplier,dtr-7bcb47c4f7-886wm,741474304
2026-10-10T12:32:34.001Z,digital-twin-registry,supplier,dtr-7bcb47c4f7-886wm,738193408
2026-10-10T12:32:49.001Z,digital-twin-registry,supplier,dtr-7bcb47c4f7-886wm,754229248
2026-10-10T12:33:04.001Z,digital-twin-registry,supplier,dtr-7bcb47c4f7-886wm,754581504
2026-10-10T12:33:19.001Z,digital-twin-registry,supplier,dtr-7bcb47c4f7-886wm,754130944
2026-10-10T12:33:34.001Z,digital-twin-registry,supplier,dtr-7bcb47c4f7-886wm,755531776
2026-10-10T12:33:49.001Z,digital-twin-registry,supplier,dtr-7bcb47c4f7-886wm,756867072
2026-10-10T12:34:04.001Z,digital-twin-registry,supplier,dtr-7bcb47c4f7-886wm,756867072
2026-10-10T12:34:19.001Z,digital-twin-registry,supplier,dtr-7bcb47c4f7-886wm,755240960
2026-10-10T12:34:34.001Z,digital-twin-registry,supplier,dtr-7bcb47c4f7-886wm,754798592
2026-10-10T12:34:49.001Z,digital-twin-registry,supplier,dtr-7bcb47c4f7-886wm,758288384
2026-10-10T12:35:04.001Z,digital-twin-registry,supplier,dtr-7bcb47c4f7-886wm,757096448
2026-10-10T12:35:19.001Z,digital-twin-registry,supplier,dtr-7bcb47c4f7-886wm,755105792
2026-10-10T12:35:34.001Z,digital-twin-registry,supplier,dtr-7bcb47c4f7-886wm,756350976
2026-10-10T12:35:49.001Z,digital-twin-registry,supplier,dtr-7bcb47c4f7-886wm,761323520
2026-10-10T12:36:04.001Z,digital-twin-registry,supplier,dtr-7bcb47c4f7-886wm,761323520
2026-10-10T12:36:19.001Z,digital-twin-registry,supplier,dtr-7bcb47c4f7-886wm,757829632
2026-10-10T12:36:34.001Z,digital-twin-registry,supplier,dtr-7bcb47c4f7-886wm,757829632
2026-10-10T12:36:49.001Z,digital-twin-registry,supplier,dtr-7bcb47c4f7-886wm,758521856
2026-10-10T12:37:04.001Z,digital-twin-registry,supplier,dtr-7bcb47c4f7-886wm,758099968
2026-10-10T12:37:19.001Z,digital-twin-registry,supplier,dtr-7bcb47c4f7-886wm,759853056
2026-10-10T12:37:34.001Z,digital-twin-registry,supplier,dtr-7bcb47c4f7-886wm,758378496
2026-10-10T12:37:49.001Z,digital-twin-registry,supplier,dtr-7bcb47c4f7-886wm,758370304
2026-10-10T12:38:04.001Z,digital-twin-registry,supplier,dtr-7bcb47c4f7-886wm,758374400
2026-10-10T12:38:19.001Z,digital-twin-registry,supplier,dtr-7bcb47c4f7-886wm,758374400
2026-10-10T12:38:34.001Z,digital-twin-registry,supplier,dtr-7bcb47c4f7-886wm,758370304
2026-10-10T12:38:49.001Z,digital-twin-registry,supplier,dtr-7bcb47c4f7-886wm,758403072
2026-10-10T12:39:04.001Z,digital-twin-registry,supplier,dtr-7bcb47c4f7-886wm,758427648
2026-10-10T12:39:19.001Z,digital-twin-registry,supplier,dtr-7bcb47c4f7-886wm,758697984
2026-10-10T12:39:34.001Z,digital-twin-registry,supplier,dtr-7bcb47c4f7-886wm,758562816
2026-10-10T12:39:49.001Z,digital-twin-registry,supplier,dtr-7bcb47c4f7-886wm,758325248
2026-10-10T12:40:04.001Z,digital-twin-registry,supplier,dtr-7bcb47c4f7-886wm,758325248
2026-10-10T12:40:19.001Z,digital-twin-registry,supplier,dtr-7bcb47c4f7-886wm,758472704
2026-10-10T12:40:34.001Z,digital-twin-registry,supplier,dtr-7bcb47c4f7-886wm,758472704
2026-10-10T12:40:49.001Z,digital-twin-registry,supplier,dtr-7bcb47c4f7-886wm,758472704
2026-10-10T12:41:04.001Z,digital-twin-registry,supplier,dtr-7bcb47c4f7-886wm,758472704
2026-10-10T12:41:19.001Z,digital-twin-registry,supplier,dtr-7bcb47c4f7-886wm,758476800
2026-10-10T12:41:34.001Z,digital-twin-registry,supplier,dtr-7bcb47c4f7-886wm,758472704
2026-10-10T12:41:49.001Z,digital-twin-registry,supplier,dtr-7bcb47c4f7-886wm,759005184
2026-10-10T12:42:04.001Z,digital-twin-registry,supplier,dtr-7bcb47c4f7-886wm,758882304
2026-10-10T12:42:19.001Z,digital-twin-registry,supplier,dtr-7bcb47c4f7-886wm,758624256
2026-10-10T12:42:34.001Z,digital-twin-registry,supplier,dtr-7bcb47c4f7-886wm,758624256
2026-10-10T12:42:49.001Z,digital-twin-registry,supplier,dtr-7bcb47c4f7-886wm,758624256
2026-10-10T12:43:04.001Z,digital-twin-registry,supplier,dtr-7bcb47c4f7-886wm,758620160
2026-10-10T12:43:19.001Z,digital-twin-registry,supplier,dtr-7bcb47c4f7-886wm,758624256
2026-10-10T12:43:34.001Z,digital-twin-registry,supplier,dtr-7bcb47c4f7-886wm,758624256
2026-10-10T12:43:49.001Z,digital-twin-registry,supplier,dtr-7bcb47c4f7-886wm,758624256
2026-10-10T12:44:04.001Z,digital-twin-registry,supplier,dtr-7bcb47c4f7-886wm,758956032
2026-10-10T12:44:19.001Z,digital-twin-registry,supplier,dtr-7bcb47c4f7-886wm,758689792
2026-10-10T12:44:34.001Z,digital-twin-registry,supplier,dtr-7bcb47c4f7-886wm,758697984
2026-10-10T12:44:49.001Z,digital-twin-registry,supplier,dtr-7bcb47c4f7-886wm,758697984
2026-10-10T12:45:04.001Z,digital-twin-registry,supplier,dtr-7bcb47c4f7-886wm,758722560
2026-10-10T12:45:19.001Z,digital-twin-registry,supplier,dtr-7bcb47c4f7-886wm,758722560
2026-10-10T12:45:34.001Z,digital-twin-registry,supplier,dtr-7bcb47c4f7-886wm,758722560
2026-10-10T12:45:49.001Z,digital-twin-registry,supplier,dtr-7bcb47c4f7-886wm,760020992
2026-10-10T12:46:04.001Z,digital-twin-registry,supplier,dtr-7bcb47c4f7-886wm,758771712
2026-10-10T12:46:19.001Z,digital-twin-registry,supplier,dtr-7bcb47c4f7-886wm,758882304
2026-10-10T12:46:34.001Z,digital-twin-registry,supplier,dtr-7bcb47c4f7-886wm,760225792
2026-10-10T12:46:49.001Z,digital-twin-registry,supplier,dtr-7bcb47c4f7-886wm,759185408
2026-10-10T12:47:04.001Z,digital-twin-registry,supplier,dtr-7bcb47c4f7-886wm,758919168
2026-10-10T12:47:19.001Z,digital-twin-registry,supplier,dtr-7bcb47c4f7-886wm,759459840
2026-10-10T12:47:34.001Z,digital-twin-registry,supplier,dtr-7bcb47c4f7-886wm,758927360
2026-10-10T12:47:49.001Z,digital-twin-registry,supplier,dtr-7bcb47c4f7-886wm,759975936
2026-10-10T12:48:04.001Z,digital-twin-registry,supplier,dtr-7bcb47c4f7-886wm,759709696
2026-10-10T12:48:19.001Z,digital-twin-registry,supplier,dtr-7bcb47c4f7-886wm,758927360
2026-10-10T12:48:34.001Z,digital-twin-registry,supplier,dtr-7bcb47c4f7-886wm,758939648
2026-10-10T12:48:49.001Z,digital-twin-registry,supplier,dtr-7bcb47c4f7-886wm,758943744
2026-10-10T12:49:04.001Z,digital-twin-registry,supplier,dtr-7bcb47c4f7-886wm,759209984
2026-10-10T12:49:19.001Z,digital-twin-registry,supplier,dtr-7bcb47c4f7-886wm,758943744
2026-10-10T12:49:34.001Z,digital-twin-registry,supplier,dtr-7bcb47c4f7-886wm,758943744
2026-10-10T12:49:49.001Z,digital-twin-registry,supplier,dtr-7bcb47c4f7-886wm,758947840
2026-10-10T12:50:04.001Z,digital-twin-registry,supplier,dtr-7bcb47c4f7-886wm,759738368
2026-10-10T12:50:19.001Z,digital-twin-registry,supplier,dtr-7bcb47c4f7-886wm,759746560
2026-10-10T12:50:34.001Z,digital-twin-registry,supplier,dtr-7bcb47c4f7-886wm,758951936
2026-10-10T12:50:49.001Z,digital-twin-registry,supplier,dtr-7bcb47c4f7-886wm,758980608
2026-10-10T12:51:04.001Z,digital-twin-registry,supplier,dtr-7bcb47c4f7-886wm,759832576
2026-10-10T12:51:19.001Z,digital-twin-registry,supplier,dtr-7bcb47c4f7-886wm,760348672
2026-10-10T12:51:34.001Z,digital-twin-registry,supplier,dtr-7bcb47c4f7-886wm,759824384
2026-10-10T12:51:49.001Z,digital-twin-registry,supplier,dtr-7bcb47c4f7-886wm,759824384
2026-10-10T12:52:04.001Z,digital-twin-registry,supplier,dtr-7bcb47c4f7-886wm,759820288
2026-10-10T12:52:19.001Z,digital-twin-registry,supplier,dtr-7bcb47c4f7-886wm,759820288
2026-10-10T12:52:34.001Z,digital-twin-registry,supplier,dtr-7bcb47c4f7-886wm,759832576
2026-10-10T12:52:49.001Z,digital-twin-registry,supplier,dtr-7bcb47c4f7-886wm,759824384
2026-10-10T12:53:04.001Z,digital-twin-registry,supplier,dtr-7bcb47c4f7-886wm,759824384
2026-10-10T12:53:19.001Z,digital-twin-registry,supplier,dtr-7bcb47c4f7-886wm,759037952
2026-10-10T12:53:34.001Z,digital-twin-registry,supplier,dtr-7bcb47c4f7-886wm,759103488
2026-10-10T12:53:49.001Z,digital-twin-registry,supplier,dtr-7bcb47c4f7-886wm,759099392
2026-10-10T12:54:04.001Z,digital-twin-registry,supplier,dtr-7bcb47c4f7-886wm,759099392
2026-10-10T12:54:19.001Z,digital-twin-registry,supplier,dtr-7bcb47c4f7-886wm,759201792
2026-10-10T12:54:34.001Z,digital-twin-registry,supplier,dtr-7bcb47c4f7-886wm,759189504
2026-10-10T12:54:49.001Z,digital-twin-registry,supplier,dtr-7bcb47c4f7-886wm,759189504
2026-10-10T12:55:04.001Z,digital-twin-registry,supplier,dtr-7bcb47c4f7-886wm,759201792
2026-10-10T12:55:19.001Z,digital-twin-registry,supplier,dtr-7bcb47c4f7-886wm,759201792
2026-10-10T12:55:34.001Z,digital-twin-registry,supplier,dtr-7bcb47c4f7-886wm,759209984
2026-10-10T12:55:49.001Z,digital-twin-registry,supplier,dtr-7bcb47c4f7-886wm,759992320
2026-10-10T12:56:04.001Z,digital-twin-registry,supplier,dtr-7bcb47c4f7-886wm,759246848
2026-10-10T12:56:19.001Z,digital-twin-registry,supplier,dtr-7bcb47c4f7-886wm,759250944
2026-10-10T12:56:34.001Z,digital-twin-registry,supplier,dtr-7bcb47c4f7-886wm,759246848
2026-10-10T12:56:49.001Z,digital-twin-registry,supplier,dtr-7bcb47c4f7-886wm,759246848
2026-10-10T12:57:04.001Z,digital-twin-registry,supplier,dtr-7bcb47c4f7-886wm,759250944
2026-10-10T12:57:19.001Z,digital-twin-registry,supplier,dtr-7bcb47c4f7-886wm,759250944
2026-10-10T12:22:49.001Z,grafana,monitoring,monitoring-grafana-647dfc6967-2pcf4,231940096
2026-10-10T12:23:04.001Z,grafana,monitoring,monitoring-grafana-647dfc6967-2pcf4,232148992
2026-10-10T12:23:19.001Z,grafana,monitoring,monitoring-grafana-647dfc6967-2pcf4,232669184
2026-10-10T12:23:34.001Z,grafana,monitoring,monitoring-grafana-647dfc6967-2pcf4,232669184
2026-10-10T12:23:49.001Z,grafana,monitoring,monitoring-grafana-647dfc6967-2pcf4,231886848
2026-10-10T12:24:04.001Z,grafana,monitoring,monitoring-grafana-647dfc6967-2pcf4,231886848
2026-10-10T12:24:19.001Z,grafana,monitoring,monitoring-grafana-647dfc6967-2pcf4,231886848
2026-10-10T12:24:34.001Z,grafana,monitoring,monitoring-grafana-647dfc6967-2pcf4,232407040
2026-10-10T12:24:49.001Z,grafana,monitoring,monitoring-grafana-647dfc6967-2pcf4,232148992
2026-10-10T12:25:04.001Z,grafana,monitoring,monitoring-grafana-647dfc6967-2pcf4,231886848
2026-10-10T12:25:19.001Z,grafana,monitoring,monitoring-grafana-647dfc6967-2pcf4,231886848
2026-10-10T12:25:34.001Z,grafana,monitoring,monitoring-grafana-647dfc6967-2pcf4,232148992
2026-10-10T12:25:49.001Z,grafana,monitoring,monitoring-grafana-647dfc6967-2pcf4,231886848
2026-10-10T12:26:04.001Z,grafana,monitoring,monitoring-grafana-647dfc6967-2pcf4,232407040
2026-10-10T12:26:19.001Z,grafana,monitoring,monitoring-grafana-647dfc6967-2pcf4,233172992
2026-10-10T12:26:34.001Z,grafana,monitoring,monitoring-grafana-647dfc6967-2pcf4,232153088
2026-10-10T12:26:49.001Z,grafana,monitoring,monitoring-grafana-647dfc6967-2pcf4,232153088
2026-10-10T12:27:04.001Z,grafana,monitoring,monitoring-grafana-647dfc6967-2pcf4,232153088
2026-10-10T12:27:19.001Z,grafana,monitoring,monitoring-grafana-647dfc6967-2pcf4,232140800
2026-10-10T12:27:34.001Z,grafana,monitoring,monitoring-grafana-647dfc6967-2pcf4,231890944
2026-10-10T12:27:49.001Z,grafana,monitoring,monitoring-grafana-647dfc6967-2pcf4,231890944
2026-10-10T12:28:04.001Z,grafana,monitoring,monitoring-grafana-647dfc6967-2pcf4,231890944
2026-10-10T12:28:19.001Z,grafana,monitoring,monitoring-grafana-647dfc6967-2pcf4,232677376
2026-10-10T12:28:34.001Z,grafana,monitoring,monitoring-grafana-647dfc6967-2pcf4,232157184
2026-10-10T12:28:49.001Z,grafana,monitoring,monitoring-grafana-647dfc6967-2pcf4,232681472
2026-10-10T12:29:04.001Z,grafana,monitoring,monitoring-grafana-647dfc6967-2pcf4,231899136
2026-10-10T12:29:19.001Z,grafana,monitoring,monitoring-grafana-647dfc6967-2pcf4,232161280
2026-10-10T12:29:34.001Z,grafana,monitoring,monitoring-grafana-647dfc6967-2pcf4,232161280
2026-10-10T12:29:49.001Z,grafana,monitoring,monitoring-grafana-647dfc6967-2pcf4,232161280
2026-10-10T12:30:04.001Z,grafana,monitoring,monitoring-grafana-647dfc6967-2pcf4,231632896
2026-10-10T12:30:19.001Z,grafana,monitoring,monitoring-grafana-647dfc6967-2pcf4,232157184
2026-10-10T12:30:34.001Z,grafana,monitoring,monitoring-grafana-647dfc6967-2pcf4,231895040
2026-10-10T12:30:49.001Z,grafana,monitoring,monitoring-grafana-647dfc6967-2pcf4,231632896
2026-10-10T12:31:04.001Z,grafana,monitoring,monitoring-grafana-647dfc6967-2pcf4,231895040
2026-10-10T12:31:19.001Z,grafana,monitoring,monitoring-grafana-647dfc6967-2pcf4,231636992
2026-10-10T12:31:34.001Z,grafana,monitoring,monitoring-grafana-647dfc6967-2pcf4,231899136
2026-10-10T12:31:49.001Z,grafana,monitoring,monitoring-grafana-647dfc6967-2pcf4,231899136
2026-10-10T12:32:04.001Z,grafana,monitoring,monitoring-grafana-647dfc6967-2pcf4,231899136
2026-10-10T12:32:19.001Z,grafana,monitoring,monitoring-grafana-647dfc6967-2pcf4,231636992
2026-10-10T12:32:34.001Z,grafana,monitoring,monitoring-grafana-647dfc6967-2pcf4,231636992
2026-10-10T12:32:49.001Z,grafana,monitoring,monitoring-grafana-647dfc6967-2pcf4,231636992
2026-10-10T12:33:04.001Z,grafana,monitoring,monitoring-grafana-647dfc6967-2pcf4,232943616
2026-10-10T12:33:19.001Z,grafana,monitoring,monitoring-grafana-647dfc6967-2pcf4,231636992
2026-10-10T12:33:34.001Z,grafana,monitoring,monitoring-grafana-647dfc6967-2pcf4,232161280
2026-10-10T12:33:49.001Z,grafana,monitoring,monitoring-grafana-647dfc6967-2pcf4,231899136
2026-10-10T12:34:04.001Z,grafana,monitoring,monitoring-grafana-647dfc6967-2pcf4,231899136
2026-10-10T12:34:19.001Z,grafana,monitoring,monitoring-grafana-647dfc6967-2pcf4,231903232
2026-10-10T12:34:34.001Z,grafana,monitoring,monitoring-grafana-647dfc6967-2pcf4,231903232
2026-10-10T12:34:49.001Z,grafana,monitoring,monitoring-grafana-647dfc6967-2pcf4,231903232
2026-10-10T12:35:04.001Z,grafana,monitoring,monitoring-grafana-647dfc6967-2pcf4,231641088
2026-10-10T12:35:19.001Z,grafana,monitoring,monitoring-grafana-647dfc6967-2pcf4,231641088
2026-10-10T12:35:34.001Z,grafana,monitoring,monitoring-grafana-647dfc6967-2pcf4,231645184
2026-10-10T12:35:49.001Z,grafana,monitoring,monitoring-grafana-647dfc6967-2pcf4,231907328
2026-10-10T12:36:04.001Z,grafana,monitoring,monitoring-grafana-647dfc6967-2pcf4,231907328
2026-10-10T12:36:19.001Z,grafana,monitoring,monitoring-grafana-647dfc6967-2pcf4,231645184
2026-10-10T12:36:34.001Z,grafana,monitoring,monitoring-grafana-647dfc6967-2pcf4,231645184
2026-10-10T12:36:49.001Z,grafana,monitoring,monitoring-grafana-647dfc6967-2pcf4,231907328
2026-10-10T12:37:04.001Z,grafana,monitoring,monitoring-grafana-647dfc6967-2pcf4,231649280
2026-10-10T12:37:19.001Z,grafana,monitoring,monitoring-grafana-647dfc6967-2pcf4,231649280
2026-10-10T12:37:34.001Z,grafana,monitoring,monitoring-grafana-647dfc6967-2pcf4,231915520
2026-10-10T12:37:49.001Z,grafana,monitoring,monitoring-grafana-647dfc6967-2pcf4,232173568
2026-10-10T12:38:04.001Z,grafana,monitoring,monitoring-grafana-647dfc6967-2pcf4,232173568
2026-10-10T12:38:19.001Z,grafana,monitoring,monitoring-grafana-647dfc6967-2pcf4,231542784
2026-10-10T12:38:34.001Z,grafana,monitoring,monitoring-grafana-647dfc6967-2pcf4,231542784
2026-10-10T12:38:49.001Z,grafana,monitoring,monitoring-grafana-647dfc6967-2pcf4,231804928
2026-10-10T12:39:04.001Z,grafana,monitoring,monitoring-grafana-647dfc6967-2pcf4,231804928
2026-10-10T12:39:19.001Z,grafana,monitoring,monitoring-grafana-647dfc6967-2pcf4,232062976
2026-10-10T12:39:34.001Z,grafana,monitoring,monitoring-grafana-647dfc6967-2pcf4,231542784
2026-10-10T12:39:49.001Z,grafana,monitoring,monitoring-grafana-647dfc6967-2pcf4,231788544
2026-10-10T12:40:04.001Z,grafana,monitoring,monitoring-grafana-647dfc6967-2pcf4,232087552
2026-10-10T12:40:19.001Z,grafana,monitoring,monitoring-grafana-647dfc6967-2pcf4,231825408
2026-10-10T12:40:34.001Z,grafana,monitoring,monitoring-grafana-647dfc6967-2pcf4,231825408
2026-10-10T12:40:49.001Z,grafana,monitoring,monitoring-grafana-647dfc6967-2pcf4,233132032
2026-10-10T12:41:04.001Z,grafana,monitoring,monitoring-grafana-647dfc6967-2pcf4,231829504
2026-10-10T12:41:19.001Z,grafana,monitoring,monitoring-grafana-647dfc6967-2pcf4,232091648
2026-10-10T12:41:34.001Z,grafana,monitoring,monitoring-grafana-647dfc6967-2pcf4,231829504
2026-10-10T12:41:49.001Z,grafana,monitoring,monitoring-grafana-647dfc6967-2pcf4,232357888
2026-10-10T12:42:04.001Z,grafana,monitoring,monitoring-grafana-647dfc6967-2pcf4,231833600
2026-10-10T12:42:19.001Z,grafana,monitoring,monitoring-grafana-647dfc6967-2pcf4,232095744
2026-10-10T12:42:34.001Z,grafana,monitoring,monitoring-grafana-647dfc6967-2pcf4,231833600
2026-10-10T12:42:49.001Z,grafana,monitoring,monitoring-grafana-647dfc6967-2pcf4,231833600
2026-10-10T12:43:04.001Z,grafana,monitoring,monitoring-grafana-647dfc6967-2pcf4,231833600
2026-10-10T12:43:19.001Z,grafana,monitoring,monitoring-grafana-647dfc6967-2pcf4,231833600
2026-10-10T12:43:34.001Z,grafana,monitoring,monitoring-grafana-647dfc6967-2pcf4,232095744
2026-10-10T12:43:49.001Z,grafana,monitoring,monitoring-grafana-647dfc6967-2pcf4,232095744
2026-10-10T12:44:04.001Z,grafana,monitoring,monitoring-grafana-647dfc6967-2pcf4,231833600
2026-10-10T12:44:19.001Z,grafana,monitoring,monitoring-grafana-647dfc6967-2pcf4,232357888
2026-10-10T12:44:34.001Z,grafana,monitoring,monitoring-grafana-647dfc6967-2pcf4,232095744
2026-10-10T12:44:49.001Z,grafana,monitoring,monitoring-grafana-647dfc6967-2pcf4,232095744
2026-10-10T12:45:04.001Z,grafana,monitoring,monitoring-grafana-647dfc6967-2pcf4,232099840
2026-10-10T12:45:19.001Z,grafana,monitoring,monitoring-grafana-647dfc6967-2pcf4,231833600
2026-10-10T12:45:34.001Z,grafana,monitoring,monitoring-grafana-647dfc6967-2pcf4,231833600
2026-10-10T12:45:49.001Z,grafana,monitoring,monitoring-grafana-647dfc6967-2pcf4,232357888
2026-10-10T12:46:04.001Z,grafana,monitoring,monitoring-grafana-647dfc6967-2pcf4,232361984
2026-10-10T12:46:19.001Z,grafana,monitoring,monitoring-grafana-647dfc6967-2pcf4,231837696
2026-10-10T12:46:34.001Z,grafana,monitoring,monitoring-grafana-647dfc6967-2pcf4,231837696
2026-10-10T12:46:49.001Z,grafana,monitoring,monitoring-grafana-647dfc6967-2pcf4,231841792
2026-10-10T12:47:04.001Z,grafana,monitoring,monitoring-grafana-647dfc6967-2pcf4,231841792
2026-10-10T12:47:19.001Z,grafana,monitoring,monitoring-grafana-647dfc6967-2pcf4,231841792
2026-10-10T12:47:34.001Z,grafana,monitoring,monitoring-grafana-647dfc6967-2pcf4,231841792
2026-10-10T12:47:49.001Z,grafana,monitoring,monitoring-grafana-647dfc6967-2pcf4,232108032
2026-10-10T12:48:04.001Z,grafana,monitoring,monitoring-grafana-647dfc6967-2pcf4,231845888
2026-10-10T12:48:19.001Z,grafana,monitoring,monitoring-grafana-647dfc6967-2pcf4,232112128
2026-10-10T12:48:34.001Z,grafana,monitoring,monitoring-grafana-647dfc6967-2pcf4,232374272
2026-10-10T12:48:49.001Z,grafana,monitoring,monitoring-grafana-647dfc6967-2pcf4,231849984
2026-10-10T12:49:04.001Z,grafana,monitoring,monitoring-grafana-647dfc6967-2pcf4,232112128
2026-10-10T12:49:19.001Z,grafana,monitoring,monitoring-grafana-647dfc6967-2pcf4,232120320
2026-10-10T12:49:34.001Z,grafana,monitoring,monitoring-grafana-647dfc6967-2pcf4,231858176
2026-10-10T12:49:49.001Z,grafana,monitoring,monitoring-grafana-647dfc6967-2pcf4,231866368
2026-10-10T12:50:04.001Z,grafana,monitoring,monitoring-grafana-647dfc6967-2pcf4,231854080
2026-10-10T12:50:19.001Z,grafana,monitoring,monitoring-grafana-647dfc6967-2pcf4,232120320
2026-10-10T12:50:34.001Z,grafana,monitoring,monitoring-grafana-647dfc6967-2pcf4,232120320
2026-10-10T12:50:49.001Z,grafana,monitoring,monitoring-grafana-647dfc6967-2pcf4,231858176
2026-10-10T12:51:04.001Z,grafana,monitoring,monitoring-grafana-647dfc6967-2pcf4,231858176
2026-10-10T12:51:19.001Z,grafana,monitoring,monitoring-grafana-647dfc6967-2pcf4,232116224
2026-10-10T12:51:34.001Z,grafana,monitoring,monitoring-grafana-647dfc6967-2pcf4,232116224
2026-10-10T12:51:49.001Z,grafana,monitoring,monitoring-grafana-647dfc6967-2pcf4,232116224
2026-10-10T12:52:04.001Z,grafana,monitoring,monitoring-grafana-647dfc6967-2pcf4,231854080
2026-10-10T12:52:19.001Z,grafana,monitoring,monitoring-grafana-647dfc6967-2pcf4,231854080
2026-10-10T12:52:34.001Z,grafana,monitoring,monitoring-grafana-647dfc6967-2pcf4,231854080
2026-10-10T12:52:49.001Z,grafana,monitoring,monitoring-grafana-647dfc6967-2pcf4,231911424
2026-10-10T12:53:04.001Z,grafana,monitoring,monitoring-grafana-647dfc6967-2pcf4,232443904
2026-10-10T12:53:19.001Z,grafana,monitoring,monitoring-grafana-647dfc6967-2pcf4,231911424
2026-10-10T12:53:34.001Z,grafana,monitoring,monitoring-grafana-647dfc6967-2pcf4,232226816
2026-10-10T12:53:49.001Z,grafana,monitoring,monitoring-grafana-647dfc6967-2pcf4,232226816
2026-10-10T12:54:04.001Z,grafana,monitoring,monitoring-grafana-647dfc6967-2pcf4,232230912
2026-10-10T12:54:19.001Z,grafana,monitoring,monitoring-grafana-647dfc6967-2pcf4,231972864
2026-10-10T12:54:34.001Z,grafana,monitoring,monitoring-grafana-647dfc6967-2pcf4,232235008
2026-10-10T12:54:49.001Z,grafana,monitoring,monitoring-grafana-647dfc6967-2pcf4,231976960
2026-10-10T12:55:04.001Z,grafana,monitoring,monitoring-grafana-647dfc6967-2pcf4,232501248
2026-10-10T12:55:19.001Z,grafana,monitoring,monitoring-grafana-647dfc6967-2pcf4,231976960
2026-10-10T12:55:34.001Z,grafana,monitoring,monitoring-grafana-647dfc6967-2pcf4,231976960
2026-10-10T12:55:49.001Z,grafana,monitoring,monitoring-grafana-647dfc6967-2pcf4,232239104
2026-10-10T12:56:04.001Z,grafana,monitoring,monitoring-grafana-647dfc6967-2pcf4,231976960
2026-10-10T12:56:19.001Z,grafana,monitoring,monitoring-grafana-647dfc6967-2pcf4,231976960
2026-10-10T12:56:34.001Z,grafana,monitoring,monitoring-grafana-647dfc6967-2pcf4,231976960
2026-10-10T12:56:49.001Z,grafana,monitoring,monitoring-grafana-647dfc6967-2pcf4,231976960
2026-10-10T12:57:04.001Z,grafana,monitoring,monitoring-grafana-647dfc6967-2pcf4,232243200
2026-10-10T12:57:19.001Z,grafana,monitoring,monitoring-grafana-647dfc6967-2pcf4,232247296
2026-10-10T12:22:49.001Z,grafana-sc-dashboard,monitoring,monitoring-grafana-647dfc6967-2pcf4,77246464
2026-10-10T12:23:04.001Z,grafana-sc-dashboard,monitoring,monitoring-grafana-647dfc6967-2pcf4,77299712
2026-10-10T12:23:19.001Z,grafana-sc-dashboard,monitoring,monitoring-grafana-647dfc6967-2pcf4,77299712
2026-10-10T12:23:34.001Z,grafana-sc-dashboard,monitoring,monitoring-grafana-647dfc6967-2pcf4,77299712
2026-10-10T12:23:49.001Z,grafana-sc-dashboard,monitoring,monitoring-grafana-647dfc6967-2pcf4,77299712
2026-10-10T12:24:04.001Z,grafana-sc-dashboard,monitoring,monitoring-grafana-647dfc6967-2pcf4,77246464
2026-10-10T12:24:19.001Z,grafana-sc-dashboard,monitoring,monitoring-grafana-647dfc6967-2pcf4,77246464
2026-10-10T12:24:34.001Z,grafana-sc-dashboard,monitoring,monitoring-grafana-647dfc6967-2pcf4,77246464
2026-10-10T12:24:49.001Z,grafana-sc-dashboard,monitoring,monitoring-grafana-647dfc6967-2pcf4,77246464
2026-10-10T12:25:04.001Z,grafana-sc-dashboard,monitoring,monitoring-grafana-647dfc6967-2pcf4,77225984
2026-10-10T12:25:19.001Z,grafana-sc-dashboard,monitoring,monitoring-grafana-647dfc6967-2pcf4,77225984
2026-10-10T12:25:34.001Z,grafana-sc-dashboard,monitoring,monitoring-grafana-647dfc6967-2pcf4,77225984
2026-10-10T12:25:49.001Z,grafana-sc-dashboard,monitoring,monitoring-grafana-647dfc6967-2pcf4,77225984
2026-10-10T12:26:04.001Z,grafana-sc-dashboard,monitoring,monitoring-grafana-647dfc6967-2pcf4,77250560
2026-10-10T12:26:19.001Z,grafana-sc-dashboard,monitoring,monitoring-grafana-647dfc6967-2pcf4,77250560
2026-10-10T12:26:34.001Z,grafana-sc-dashboard,monitoring,monitoring-grafana-647dfc6967-2pcf4,77250560
2026-10-10T12:26:49.001Z,grafana-sc-dashboard,monitoring,monitoring-grafana-647dfc6967-2pcf4,77250560
2026-10-10T12:27:04.001Z,grafana-sc-dashboard,monitoring,monitoring-grafana-647dfc6967-2pcf4,77225984
2026-10-10T12:27:19.001Z,grafana-sc-dashboard,monitoring,monitoring-grafana-647dfc6967-2pcf4,77225984
2026-10-10T12:27:34.001Z,grafana-sc-dashboard,monitoring,monitoring-grafana-647dfc6967-2pcf4,77225984
2026-10-10T12:27:49.001Z,grafana-sc-dashboard,monitoring,monitoring-grafana-647dfc6967-2pcf4,77225984
2026-10-10T12:28:04.001Z,grafana-sc-dashboard,monitoring,monitoring-grafana-647dfc6967-2pcf4,77488128
2026-10-10T12:28:19.001Z,grafana-sc-dashboard,monitoring,monitoring-grafana-647dfc6967-2pcf4,77250560
2026-10-10T12:28:34.001Z,grafana-sc-dashboard,monitoring,monitoring-grafana-647dfc6967-2pcf4,77250560
2026-10-10T12:28:49.001Z,grafana-sc-dashboard,monitoring,monitoring-grafana-647dfc6967-2pcf4,77250560
2026-10-10T12:29:04.001Z,grafana-sc-dashboard,monitoring,monitoring-grafana-647dfc6967-2pcf4,77250560
2026-10-10T12:29:19.001Z,grafana-sc-dashboard,monitoring,monitoring-grafana-647dfc6967-2pcf4,77291520
2026-10-10T12:29:34.001Z,grafana-sc-dashboard,monitoring,monitoring-grafana-647dfc6967-2pcf4,77291520
2026-10-10T12:29:49.001Z,grafana-sc-dashboard,monitoring,monitoring-grafana-647dfc6967-2pcf4,77291520
2026-10-10T12:30:04.001Z,grafana-sc-dashboard,monitoring,monitoring-grafana-647dfc6967-2pcf4,77291520
2026-10-10T12:30:19.001Z,grafana-sc-dashboard,monitoring,monitoring-grafana-647dfc6967-2pcf4,77250560
2026-10-10T12:30:34.001Z,grafana-sc-dashboard,monitoring,monitoring-grafana-647dfc6967-2pcf4,77250560
2026-10-10T12:30:49.001Z,grafana-sc-dashboard,monitoring,monitoring-grafana-647dfc6967-2pcf4,77250560
2026-10-10T12:31:04.001Z,grafana-sc-dashboard,monitoring,monitoring-grafana-647dfc6967-2pcf4,77250560
2026-10-10T12:31:19.001Z,grafana-sc-dashboard,monitoring,monitoring-grafana-647dfc6967-2pcf4,77225984
2026-10-10T12:31:34.001Z,grafana-sc-dashboard,monitoring,monitoring-grafana-647dfc6967-2pcf4,77225984
2026-10-10T12:31:49.001Z,grafana-sc-dashboard,monitoring,monitoring-grafana-647dfc6967-2pcf4,77225984
2026-10-10T12:32:04.001Z,grafana-sc-dashboard,monitoring,monitoring-grafana-647dfc6967-2pcf4,77393920
2026-10-10T12:32:19.001Z,grafana-sc-dashboard,monitoring,monitoring-grafana-647dfc6967-2pcf4,77250560
2026-10-10T12:32:34.001Z,grafana-sc-dashboard,monitoring,monitoring-grafana-647dfc6967-2pcf4,77250560
2026-10-10T12:32:49.001Z,grafana-sc-dashboard,monitoring,monitoring-grafana-647dfc6967-2pcf4,77250560
2026-10-10T12:33:04.001Z,grafana-sc-dashboard,monitoring,monitoring-grafana-647dfc6967-2pcf4,77250560
2026-10-10T12:33:19.001Z,grafana-sc-dashboard,monitoring,monitoring-grafana-647dfc6967-2pcf4,77225984
2026-10-10T12:33:34.001Z,grafana-sc-dashboard,monitoring,monitoring-grafana-647dfc6967-2pcf4,77225984
2026-10-10T12:33:49.001Z,grafana-sc-dashboard,monitoring,monitoring-grafana-647dfc6967-2pcf4,77225984
2026-10-10T12:34:04.001Z,grafana-sc-dashboard,monitoring,monitoring-grafana-647dfc6967-2pcf4,77225984
2026-10-10T12:34:19.001Z,grafana-sc-dashboard,monitoring,monitoring-grafana-647dfc6967-2pcf4,77254656
2026-10-10T12:34:34.001Z,grafana-sc-dashboard,monitoring,monitoring-grafana-647dfc6967-2pcf4,77254656
2026-10-10T12:34:49.001Z,grafana-sc-dashboard,monitoring,monitoring-grafana-647dfc6967-2pcf4,77254656
2026-10-10T12:35:04.001Z,grafana-sc-dashboard,monitoring,monitoring-grafana-647dfc6967-2pcf4,77254656
2026-10-10T12:35:19.001Z,grafana-sc-dashboard,monitoring,monitoring-grafana-647dfc6967-2pcf4,77291520
2026-10-10T12:35:34.001Z,grafana-sc-dashboard,monitoring,monitoring-grafana-647dfc6967-2pcf4,77291520
2026-10-10T12:35:49.001Z,grafana-sc-dashboard,monitoring,monitoring-grafana-647dfc6967-2pcf4,77291520
2026-10-10T12:36:04.001Z,grafana-sc-dashboard,monitoring,monitoring-grafana-647dfc6967-2pcf4,77467648
2026-10-10T12:36:19.001Z,grafana-sc-dashboard,monitoring,monitoring-grafana-647dfc6967-2pcf4,77246464
2026-10-10T12:36:34.001Z,grafana-sc-dashboard,monitoring,monitoring-grafana-647dfc6967-2pcf4,77246464
2026-10-10T12:36:49.001Z,grafana-sc-dashboard,monitoring,monitoring-grafana-647dfc6967-2pcf4,77246464
2026-10-10T12:37:04.001Z,grafana-sc-dashboard,monitoring,monitoring-grafana-647dfc6967-2pcf4,77271040
2026-10-10T12:37:19.001Z,grafana-sc-dashboard,monitoring,monitoring-grafana-647dfc6967-2pcf4,77230080
2026-10-10T12:37:34.001Z,grafana-sc-dashboard,monitoring,monitoring-grafana-647dfc6967-2pcf4,77230080
2026-10-10T12:37:49.001Z,grafana-sc-dashboard,monitoring,monitoring-grafana-647dfc6967-2pcf4,77230080
2026-10-10T12:38:04.001Z,grafana-sc-dashboard,monitoring,monitoring-grafana-647dfc6967-2pcf4,77230080
2026-10-10T12:38:19.001Z,grafana-sc-dashboard,monitoring,monitoring-grafana-647dfc6967-2pcf4,77246464
2026-10-10T12:38:34.001Z,grafana-sc-dashboard,monitoring,monitoring-grafana-647dfc6967-2pcf4,77246464
2026-10-10T12:38:49.001Z,grafana-sc-dashboard,monitoring,monitoring-grafana-647dfc6967-2pcf4,77246464
2026-10-10T12:39:04.001Z,grafana-sc-dashboard,monitoring,monitoring-grafana-647dfc6967-2pcf4,77467648
2026-10-10T12:39:19.001Z,grafana-sc-dashboard,monitoring,monitoring-grafana-647dfc6967-2pcf4,77230080
2026-10-10T12:39:34.001Z,grafana-sc-dashboard,monitoring,monitoring-grafana-647dfc6967-2pcf4,77230080
2026-10-10T12:39:49.001Z,grafana-sc-dashboard,monitoring,monitoring-grafana-647dfc6967-2pcf4,77230080
2026-10-10T12:40:04.001Z,grafana-sc-dashboard,monitoring,monitoring-grafana-647dfc6967-2pcf4,77230080
2026-10-10T12:40:19.001Z,grafana-sc-dashboard,monitoring,monitoring-grafana-647dfc6967-2pcf4,77246464
2026-10-10T12:40:34.001Z,grafana-sc-dashboard,monitoring,monitoring-grafana-647dfc6967-2pcf4,77246464
2026-10-10T12:40:49.001Z,grafana-sc-dashboard,monitoring,monitoring-grafana-647dfc6967-2pcf4,77246464
2026-10-10T12:41:04.001Z,grafana-sc-dashboard,monitoring,monitoring-grafana-647dfc6967-2pcf4,77496320
2026-10-10T12:41:19.001Z,grafana-sc-dashboard,monitoring,monitoring-grafana-647dfc6967-2pcf4,77295616
2026-10-10T12:41:34.001Z,grafana-sc-dashboard,monitoring,monitoring-grafana-647dfc6967-2pcf4,77295616
2026-10-10T12:41:49.001Z,grafana-sc-dashboard,monitoring,monitoring-grafana-647dfc6967-2pcf4,77295616
2026-10-10T12:42:04.001Z,grafana-sc-dashboard,monitoring,monitoring-grafana-647dfc6967-2pcf4,77295616
2026-10-10T12:42:19.001Z,grafana-sc-dashboard,monitoring,monitoring-grafana-647dfc6967-2pcf4,77246464
2026-10-10T12:42:34.001Z,grafana-sc-dashboard,monitoring,monitoring-grafana-647dfc6967-2pcf4,77246464
2026-10-10T12:42:49.001Z,grafana-sc-dashboard,monitoring,monitoring-grafana-647dfc6967-2pcf4,77246464
2026-10-10T12:43:04.001Z,grafana-sc-dashboard,monitoring,monitoring-grafana-647dfc6967-2pcf4,77246464
2026-10-10T12:43:19.001Z,grafana-sc-dashboard,monitoring,monitoring-grafana-647dfc6967-2pcf4,77230080
2026-10-10T12:43:34.001Z,grafana-sc-dashboard,monitoring,monitoring-grafana-647dfc6967-2pcf4,77230080
2026-10-10T12:43:49.001Z,grafana-sc-dashboard,monitoring,monitoring-grafana-647dfc6967-2pcf4,77230080
2026-10-10T12:44:04.001Z,grafana-sc-dashboard,monitoring,monitoring-grafana-647dfc6967-2pcf4,77230080
2026-10-10T12:44:19.001Z,grafana-sc-dashboard,monitoring,monitoring-grafana-647dfc6967-2pcf4,77246464
2026-10-10T12:44:34.001Z,grafana-sc-dashboard,monitoring,monitoring-grafana-647dfc6967-2pcf4,77246464
2026-10-10T12:44:49.001Z,grafana-sc-dashboard,monitoring,monitoring-grafana-647dfc6967-2pcf4,77246464
2026-10-10T12:45:04.001Z,grafana-sc-dashboard,monitoring,monitoring-grafana-647dfc6967-2pcf4,77246464
2026-10-10T12:45:19.001Z,grafana-sc-dashboard,monitoring,monitoring-grafana-647dfc6967-2pcf4,77234176
2026-10-10T12:45:34.001Z,grafana-sc-dashboard,monitoring,monitoring-grafana-647dfc6967-2pcf4,77234176
2026-10-10T12:45:49.001Z,grafana-sc-dashboard,monitoring,monitoring-grafana-647dfc6967-2pcf4,77234176
2026-10-10T12:46:04.001Z,grafana-sc-dashboard,monitoring,monitoring-grafana-647dfc6967-2pcf4,77234176
2026-10-10T12:46:19.001Z,grafana-sc-dashboard,monitoring,monitoring-grafana-647dfc6967-2pcf4,77250560
2026-10-10T12:46:34.001Z,grafana-sc-dashboard,monitoring,monitoring-grafana-647dfc6967-2pcf4,77250560
2026-10-10T12:46:49.001Z,grafana-sc-dashboard,monitoring,monitoring-grafana-647dfc6967-2pcf4,77250560
2026-10-10T12:47:04.001Z,grafana-sc-dashboard,monitoring,monitoring-grafana-647dfc6967-2pcf4,77746176
2026-10-10T12:47:19.001Z,grafana-sc-dashboard,monitoring,monitoring-grafana-647dfc6967-2pcf4,77291520
2026-10-10T12:47:34.001Z,grafana-sc-dashboard,monitoring,monitoring-grafana-647dfc6967-2pcf4,77291520
2026-10-10T12:47:49.001Z,grafana-sc-dashboard,monitoring,monitoring-grafana-647dfc6967-2pcf4,77291520
2026-10-10T12:48:04.001Z,grafana-sc-dashboard,monitoring,monitoring-grafana-647dfc6967-2pcf4,77291520
2026-10-10T12:48:19.001Z,grafana-sc-dashboard,monitoring,monitoring-grafana-647dfc6967-2pcf4,77250560
2026-10-10T12:48:34.001Z,grafana-sc-dashboard,monitoring,monitoring-grafana-647dfc6967-2pcf4,77250560
2026-10-10T12:48:49.001Z,grafana-sc-dashboard,monitoring,monitoring-grafana-647dfc6967-2pcf4,77250560
2026-10-10T12:49:04.001Z,grafana-sc-dashboard,monitoring,monitoring-grafana-647dfc6967-2pcf4,77250560
2026-10-10T12:49:19.001Z,grafana-sc-dashboard,monitoring,monitoring-grafana-647dfc6967-2pcf4,77225984
2026-10-10T12:49:34.001Z,grafana-sc-dashboard,monitoring,monitoring-grafana-647dfc6967-2pcf4,77225984
2026-10-10T12:49:49.001Z,grafana-sc-dashboard,monitoring,monitoring-grafana-647dfc6967-2pcf4,77225984
2026-10-10T12:50:04.001Z,grafana-sc-dashboard,monitoring,monitoring-grafana-647dfc6967-2pcf4,77225984
2026-10-10T12:50:19.001Z,grafana-sc-dashboard,monitoring,monitoring-grafana-647dfc6967-2pcf4,77250560
2026-10-10T12:50:34.001Z,grafana-sc-dashboard,monitoring,monitoring-grafana-647dfc6967-2pcf4,77250560
2026-10-10T12:50:49.001Z,grafana-sc-dashboard,monitoring,monitoring-grafana-647dfc6967-2pcf4,77250560
2026-10-10T12:51:04.001Z,grafana-sc-dashboard,monitoring,monitoring-grafana-647dfc6967-2pcf4,77250560
2026-10-10T12:51:19.001Z,grafana-sc-dashboard,monitoring,monitoring-grafana-647dfc6967-2pcf4,77225984
2026-10-10T12:51:34.001Z,grafana-sc-dashboard,monitoring,monitoring-grafana-647dfc6967-2pcf4,77225984
2026-10-10T12:51:49.001Z,grafana-sc-dashboard,monitoring,monitoring-grafana-647dfc6967-2pcf4,77225984
2026-10-10T12:52:04.001Z,grafana-sc-dashboard,monitoring,monitoring-grafana-647dfc6967-2pcf4,77225984
2026-10-10T12:52:19.001Z,grafana-sc-dashboard,monitoring,monitoring-grafana-647dfc6967-2pcf4,77250560
2026-10-10T12:52:34.001Z,grafana-sc-dashboard,monitoring,monitoring-grafana-647dfc6967-2pcf4,77250560
2026-10-10T12:52:49.001Z,grafana-sc-dashboard,monitoring,monitoring-grafana-647dfc6967-2pcf4,77250560
2026-10-10T12:53:04.001Z,grafana-sc-dashboard,monitoring,monitoring-grafana-647dfc6967-2pcf4,77250560
2026-10-10T12:53:19.001Z,grafana-sc-dashboard,monitoring,monitoring-grafana-647dfc6967-2pcf4,77291520
2026-10-10T12:53:34.001Z,grafana-sc-dashboard,monitoring,monitoring-grafana-647dfc6967-2pcf4,77291520
2026-10-10T12:53:49.001Z,grafana-sc-dashboard,monitoring,monitoring-grafana-647dfc6967-2pcf4,77291520
2026-10-10T12:54:04.001Z,grafana-sc-dashboard,monitoring,monitoring-grafana-647dfc6967-2pcf4,77291520
2026-10-10T12:54:19.001Z,grafana-sc-dashboard,monitoring,monitoring-grafana-647dfc6967-2pcf4,77250560
2026-10-10T12:54:34.001Z,grafana-sc-dashboard,monitoring,monitoring-grafana-647dfc6967-2pcf4,77250560
2026-10-10T12:54:49.001Z,grafana-sc-dashboard,monitoring,monitoring-grafana-647dfc6967-2pcf4,77250560
2026-10-10T12:55:04.001Z,grafana-sc-dashboard,monitoring,monitoring-grafana-647dfc6967-2pcf4,77565952
2026-10-10T12:55:19.001Z,grafana-sc-dashboard,monitoring,monitoring-grafana-647dfc6967-2pcf4,77225984
2026-10-10T12:55:34.001Z,grafana-sc-dashboard,monitoring,monitoring-grafana-647dfc6967-2pcf4,77225984
2026-10-10T12:55:49.001Z,grafana-sc-dashboard,monitoring,monitoring-grafana-647dfc6967-2pcf4,77225984
2026-10-10T12:56:04.001Z,grafana-sc-dashboard,monitoring,monitoring-grafana-647dfc6967-2pcf4,77225984
2026-10-10T12:56:19.001Z,grafana-sc-dashboard,monitoring,monitoring-grafana-647dfc6967-2pcf4,77254656
2026-10-10T12:56:34.001Z,grafana-sc-dashboard,monitoring,monitoring-grafana-647dfc6967-2pcf4,77254656
2026-10-10T12:56:49.001Z,grafana-sc-dashboard,monitoring,monitoring-grafana-647dfc6967-2pcf4,77254656
2026-10-10T12:57:04.001Z,grafana-sc-dashboard,monitoring,monitoring-grafana-647dfc6967-2pcf4,77254656
2026-10-10T12:57:19.001Z,grafana-sc-dashboard,monitoring,monitoring-grafana-647dfc6967-2pcf4,77742080
2026-10-10T12:22:49.001Z,grafana-sc-datasources,monitoring,monitoring-grafana-647dfc6967-2pcf4,76369920
2026-10-10T12:23:04.001Z,grafana-sc-datasources,monitoring,monitoring-grafana-647dfc6967-2pcf4,76369920
2026-10-10T12:23:19.001Z,grafana-sc-datasources,monitoring,monitoring-grafana-647dfc6967-2pcf4,76369920
2026-10-10T12:23:34.001Z,grafana-sc-datasources,monitoring,monitoring-grafana-647dfc6967-2pcf4,76369920
2026-10-10T12:23:49.001Z,grafana-sc-datasources,monitoring,monitoring-grafana-647dfc6967-2pcf4,76369920
2026-10-10T12:24:04.001Z,grafana-sc-datasources,monitoring,monitoring-grafana-647dfc6967-2pcf4,76369920
2026-10-10T12:24:19.001Z,grafana-sc-datasources,monitoring,monitoring-grafana-647dfc6967-2pcf4,76369920
2026-10-10T12:24:34.001Z,grafana-sc-datasources,monitoring,monitoring-grafana-647dfc6967-2pcf4,76369920
2026-10-10T12:24:49.001Z,grafana-sc-datasources,monitoring,monitoring-grafana-647dfc6967-2pcf4,76369920
2026-10-10T12:25:04.001Z,grafana-sc-datasources,monitoring,monitoring-grafana-647dfc6967-2pcf4,76369920
2026-10-10T12:25:19.001Z,grafana-sc-datasources,monitoring,monitoring-grafana-647dfc6967-2pcf4,76369920
2026-10-10T12:25:34.001Z,grafana-sc-datasources,monitoring,monitoring-grafana-647dfc6967-2pcf4,76369920
2026-10-10T12:25:49.001Z,grafana-sc-datasources,monitoring,monitoring-grafana-647dfc6967-2pcf4,76369920
2026-10-10T12:26:04.001Z,grafana-sc-datasources,monitoring,monitoring-grafana-647dfc6967-2pcf4,76369920
2026-10-10T12:26:19.001Z,grafana-sc-datasources,monitoring,monitoring-grafana-647dfc6967-2pcf4,76369920
2026-10-10T12:26:34.001Z,grafana-sc-datasources,monitoring,monitoring-grafana-647dfc6967-2pcf4,76369920
2026-10-10T12:26:49.001Z,grafana-sc-datasources,monitoring,monitoring-grafana-647dfc6967-2pcf4,76369920
2026-10-10T12:27:04.001Z,grafana-sc-datasources,monitoring,monitoring-grafana-647dfc6967-2pcf4,76369920
2026-10-10T12:27:19.001Z,grafana-sc-datasources,monitoring,monitoring-grafana-647dfc6967-2pcf4,76369920
2026-10-10T12:27:34.001Z,grafana-sc-datasources,monitoring,monitoring-grafana-647dfc6967-2pcf4,76369920
2026-10-10T12:27:49.001Z,grafana-sc-datasources,monitoring,monitoring-grafana-647dfc6967-2pcf4,76369920
2026-10-10T12:28:04.001Z,grafana-sc-datasources,monitoring,monitoring-grafana-647dfc6967-2pcf4,76369920
2026-10-10T12:28:19.001Z,grafana-sc-datasources,monitoring,monitoring-grafana-647dfc6967-2pcf4,76369920
2026-10-10T12:28:34.001Z,grafana-sc-datasources,monitoring,monitoring-grafana-647dfc6967-2pcf4,76369920
2026-10-10T12:28:49.001Z,grafana-sc-datasources,monitoring,monitoring-grafana-647dfc6967-2pcf4,76369920
2026-10-10T12:29:04.001Z,grafana-sc-datasources,monitoring,monitoring-grafana-647dfc6967-2pcf4,76369920
2026-10-10T12:29:19.001Z,grafana-sc-datasources,monitoring,monitoring-grafana-647dfc6967-2pcf4,76369920
2026-10-10T12:29:34.001Z,grafana-sc-datasources,monitoring,monitoring-grafana-647dfc6967-2pcf4,76369920
2026-10-10T12:29:49.001Z,grafana-sc-datasources,monitoring,monitoring-grafana-647dfc6967-2pcf4,76369920
2026-10-10T12:30:04.001Z,grafana-sc-datasources,monitoring,monitoring-grafana-647dfc6967-2pcf4,76369920
2026-10-10T12:30:19.001Z,grafana-sc-datasources,monitoring,monitoring-grafana-647dfc6967-2pcf4,76369920
2026-10-10T12:30:34.001Z,grafana-sc-datasources,monitoring,monitoring-grafana-647dfc6967-2pcf4,76369920
2026-10-10T12:30:49.001Z,grafana-sc-datasources,monitoring,monitoring-grafana-647dfc6967-2pcf4,76369920
2026-10-10T12:31:04.001Z,grafana-sc-datasources,monitoring,monitoring-grafana-647dfc6967-2pcf4,76369920
2026-10-10T12:31:19.001Z,grafana-sc-datasources,monitoring,monitoring-grafana-647dfc6967-2pcf4,76369920
2026-10-10T12:31:34.001Z,grafana-sc-datasources,monitoring,monitoring-grafana-647dfc6967-2pcf4,76369920
2026-10-10T12:31:49.001Z,grafana-sc-datasources,monitoring,monitoring-grafana-647dfc6967-2pcf4,76369920
2026-10-10T12:32:04.001Z,grafana-sc-datasources,monitoring,monitoring-grafana-647dfc6967-2pcf4,76369920
2026-10-10T12:32:19.001Z,grafana-sc-datasources,monitoring,monitoring-grafana-647dfc6967-2pcf4,76369920
2026-10-10T12:32:34.001Z,grafana-sc-datasources,monitoring,monitoring-grafana-647dfc6967-2pcf4,76369920
2026-10-10T12:32:49.001Z,grafana-sc-datasources,monitoring,monitoring-grafana-647dfc6967-2pcf4,76369920
2026-10-10T12:33:04.001Z,grafana-sc-datasources,monitoring,monitoring-grafana-647dfc6967-2pcf4,76369920
2026-10-10T12:33:19.001Z,grafana-sc-datasources,monitoring,monitoring-grafana-647dfc6967-2pcf4,76369920
2026-10-10T12:33:34.001Z,grafana-sc-datasources,monitoring,monitoring-grafana-647dfc6967-2pcf4,76369920
2026-10-10T12:33:49.001Z,grafana-sc-datasources,monitoring,monitoring-grafana-647dfc6967-2pcf4,76369920
2026-10-10T12:34:04.001Z,grafana-sc-datasources,monitoring,monitoring-grafana-647dfc6967-2pcf4,76369920
2026-10-10T12:34:19.001Z,grafana-sc-datasources,monitoring,monitoring-grafana-647dfc6967-2pcf4,76374016
2026-10-10T12:34:34.001Z,grafana-sc-datasources,monitoring,monitoring-grafana-647dfc6967-2pcf4,76374016
2026-10-10T12:34:49.001Z,grafana-sc-datasources,monitoring,monitoring-grafana-647dfc6967-2pcf4,76374016
2026-10-10T12:35:04.001Z,grafana-sc-datasources,monitoring,monitoring-grafana-647dfc6967-2pcf4,76374016
2026-10-10T12:35:19.001Z,grafana-sc-datasources,monitoring,monitoring-grafana-647dfc6967-2pcf4,76374016
2026-10-10T12:35:34.001Z,grafana-sc-datasources,monitoring,monitoring-grafana-647dfc6967-2pcf4,76374016
2026-10-10T12:35:49.001Z,grafana-sc-datasources,monitoring,monitoring-grafana-647dfc6967-2pcf4,76374016
2026-10-10T12:36:04.001Z,grafana-sc-datasources,monitoring,monitoring-grafana-647dfc6967-2pcf4,76374016
2026-10-10T12:36:19.001Z,grafana-sc-datasources,monitoring,monitoring-grafana-647dfc6967-2pcf4,76374016
2026-10-10T12:36:34.001Z,grafana-sc-datasources,monitoring,monitoring-grafana-647dfc6967-2pcf4,76374016
2026-10-10T12:36:49.001Z,grafana-sc-datasources,monitoring,monitoring-grafana-647dfc6967-2pcf4,76374016
2026-10-10T12:37:04.001Z,grafana-sc-datasources,monitoring,monitoring-grafana-647dfc6967-2pcf4,76374016
2026-10-10T12:37:19.001Z,grafana-sc-datasources,monitoring,monitoring-grafana-647dfc6967-2pcf4,76374016
2026-10-10T12:37:34.001Z,grafana-sc-datasources,monitoring,monitoring-grafana-647dfc6967-2pcf4,76374016
2026-10-10T12:37:49.001Z,grafana-sc-datasources,monitoring,monitoring-grafana-647dfc6967-2pcf4,76374016
2026-10-10T12:38:04.001Z,grafana-sc-datasources,monitoring,monitoring-grafana-647dfc6967-2pcf4,76374016
2026-10-10T12:38:19.001Z,grafana-sc-datasources,monitoring,monitoring-grafana-647dfc6967-2pcf4,76374016
2026-10-10T12:38:34.001Z,grafana-sc-datasources,monitoring,monitoring-grafana-647dfc6967-2pcf4,76374016
2026-10-10T12:38:49.001Z,grafana-sc-datasources,monitoring,monitoring-grafana-647dfc6967-2pcf4,76374016
2026-10-10T12:39:04.001Z,grafana-sc-datasources,monitoring,monitoring-grafana-647dfc6967-2pcf4,76374016
2026-10-10T12:39:19.001Z,grafana-sc-datasources,monitoring,monitoring-grafana-647dfc6967-2pcf4,76374016
2026-10-10T12:39:34.001Z,grafana-sc-datasources,monitoring,monitoring-grafana-647dfc6967-2pcf4,76374016
2026-10-10T12:39:49.001Z,grafana-sc-datasources,monitoring,monitoring-grafana-647dfc6967-2pcf4,76374016
2026-10-10T12:40:04.001Z,grafana-sc-datasources,monitoring,monitoring-grafana-647dfc6967-2pcf4,76374016
2026-10-10T12:40:19.001Z,grafana-sc-datasources,monitoring,monitoring-grafana-647dfc6967-2pcf4,76865536
2026-10-10T12:40:34.001Z,grafana-sc-datasources,monitoring,monitoring-grafana-647dfc6967-2pcf4,76374016
2026-10-10T12:40:49.001Z,grafana-sc-datasources,monitoring,monitoring-grafana-647dfc6967-2pcf4,76374016
2026-10-10T12:41:04.001Z,grafana-sc-datasources,monitoring,monitoring-grafana-647dfc6967-2pcf4,76374016
2026-10-10T12:41:19.001Z,grafana-sc-datasources,monitoring,monitoring-grafana-647dfc6967-2pcf4,76374016
2026-10-10T12:41:34.001Z,grafana-sc-datasources,monitoring,monitoring-grafana-647dfc6967-2pcf4,76374016
2026-10-10T12:41:49.001Z,grafana-sc-datasources,monitoring,monitoring-grafana-647dfc6967-2pcf4,76374016
2026-10-10T12:42:04.001Z,grafana-sc-datasources,monitoring,monitoring-grafana-647dfc6967-2pcf4,76374016
2026-10-10T12:42:19.001Z,grafana-sc-datasources,monitoring,monitoring-grafana-647dfc6967-2pcf4,76378112
2026-10-10T12:42:34.001Z,grafana-sc-datasources,monitoring,monitoring-grafana-647dfc6967-2pcf4,76378112
2026-10-10T12:42:49.001Z,grafana-sc-datasources,monitoring,monitoring-grafana-647dfc6967-2pcf4,76378112
2026-10-10T12:43:04.001Z,grafana-sc-datasources,monitoring,monitoring-grafana-647dfc6967-2pcf4,76378112
2026-10-10T12:43:19.001Z,grafana-sc-datasources,monitoring,monitoring-grafana-647dfc6967-2pcf4,76378112
2026-10-10T12:43:34.001Z,grafana-sc-datasources,monitoring,monitoring-grafana-647dfc6967-2pcf4,76378112
2026-10-10T12:43:49.001Z,grafana-sc-datasources,monitoring,monitoring-grafana-647dfc6967-2pcf4,76378112
2026-10-10T12:44:04.001Z,grafana-sc-datasources,monitoring,monitoring-grafana-647dfc6967-2pcf4,76378112
2026-10-10T12:44:19.001Z,grafana-sc-datasources,monitoring,monitoring-grafana-647dfc6967-2pcf4,76369920
2026-10-10T12:44:34.001Z,grafana-sc-datasources,monitoring,monitoring-grafana-647dfc6967-2pcf4,76369920
2026-10-10T12:44:49.001Z,grafana-sc-datasources,monitoring,monitoring-grafana-647dfc6967-2pcf4,76369920
2026-10-10T12:45:04.001Z,grafana-sc-datasources,monitoring,monitoring-grafana-647dfc6967-2pcf4,76369920
2026-10-10T12:45:19.001Z,grafana-sc-datasources,monitoring,monitoring-grafana-647dfc6967-2pcf4,76378112
2026-10-10T12:45:34.001Z,grafana-sc-datasources,monitoring,monitoring-grafana-647dfc6967-2pcf4,76369920
2026-10-10T12:45:49.001Z,grafana-sc-datasources,monitoring,monitoring-grafana-647dfc6967-2pcf4,76369920
2026-10-10T12:46:04.001Z,grafana-sc-datasources,monitoring,monitoring-grafana-647dfc6967-2pcf4,76369920
2026-10-10T12:46:19.001Z,grafana-sc-datasources,monitoring,monitoring-grafana-647dfc6967-2pcf4,76369920
2026-10-10T12:46:34.001Z,grafana-sc-datasources,monitoring,monitoring-grafana-647dfc6967-2pcf4,76369920
2026-10-10T12:46:49.001Z,grafana-sc-datasources,monitoring,monitoring-grafana-647dfc6967-2pcf4,76369920
2026-10-10T12:47:04.001Z,grafana-sc-datasources,monitoring,monitoring-grafana-647dfc6967-2pcf4,76369920
2026-10-10T12:47:19.001Z,grafana-sc-datasources,monitoring,monitoring-grafana-647dfc6967-2pcf4,76369920
2026-10-10T12:47:34.001Z,grafana-sc-datasources,monitoring,monitoring-grafana-647dfc6967-2pcf4,76369920
2026-10-10T12:47:49.001Z,grafana-sc-datasources,monitoring,monitoring-grafana-647dfc6967-2pcf4,76369920
2026-10-10T12:48:04.001Z,grafana-sc-datasources,monitoring,monitoring-grafana-647dfc6967-2pcf4,76369920
2026-10-10T12:48:19.001Z,grafana-sc-datasources,monitoring,monitoring-grafana-647dfc6967-2pcf4,76369920
2026-10-10T12:48:34.001Z,grafana-sc-datasources,monitoring,monitoring-grafana-647dfc6967-2pcf4,76369920
2026-10-10T12:48:49.001Z,grafana-sc-datasources,monitoring,monitoring-grafana-647dfc6967-2pcf4,76369920
2026-10-10T12:49:04.001Z,grafana-sc-datasources,monitoring,monitoring-grafana-647dfc6967-2pcf4,76369920
2026-10-10T12:49:19.001Z,grafana-sc-datasources,monitoring,monitoring-grafana-647dfc6967-2pcf4,76369920
2026-10-10T12:49:34.001Z,grafana-sc-datasources,monitoring,monitoring-grafana-647dfc6967-2pcf4,76369920
2026-10-10T12:49:49.001Z,grafana-sc-datasources,monitoring,monitoring-grafana-647dfc6967-2pcf4,76369920
2026-10-10T12:50:04.001Z,grafana-sc-datasources,monitoring,monitoring-grafana-647dfc6967-2pcf4,76369920
2026-10-10T12:50:19.001Z,grafana-sc-datasources,monitoring,monitoring-grafana-647dfc6967-2pcf4,76369920
2026-10-10T12:50:34.001Z,grafana-sc-datasources,monitoring,monitoring-grafana-647dfc6967-2pcf4,76369920
2026-10-10T12:50:49.001Z,grafana-sc-datasources,monitoring,monitoring-grafana-647dfc6967-2pcf4,76369920
2026-10-10T12:51:04.001Z,grafana-sc-datasources,monitoring,monitoring-grafana-647dfc6967-2pcf4,76369920
2026-10-10T12:51:19.001Z,grafana-sc-datasources,monitoring,monitoring-grafana-647dfc6967-2pcf4,76369920
2026-10-10T12:51:34.001Z,grafana-sc-datasources,monitoring,monitoring-grafana-647dfc6967-2pcf4,76369920
2026-10-10T12:51:49.001Z,grafana-sc-datasources,monitoring,monitoring-grafana-647dfc6967-2pcf4,76369920
2026-10-10T12:52:04.001Z,grafana-sc-datasources,monitoring,monitoring-grafana-647dfc6967-2pcf4,76369920
2026-10-10T12:52:19.001Z,grafana-sc-datasources,monitoring,monitoring-grafana-647dfc6967-2pcf4,76369920
2026-10-10T12:52:34.001Z,grafana-sc-datasources,monitoring,monitoring-grafana-647dfc6967-2pcf4,76369920
2026-10-10T12:52:49.001Z,grafana-sc-datasources,monitoring,monitoring-grafana-647dfc6967-2pcf4,76369920
2026-10-10T12:53:04.001Z,grafana-sc-datasources,monitoring,monitoring-grafana-647dfc6967-2pcf4,76369920
2026-10-10T12:53:19.001Z,grafana-sc-datasources,monitoring,monitoring-grafana-647dfc6967-2pcf4,76369920
2026-10-10T12:53:34.001Z,grafana-sc-datasources,monitoring,monitoring-grafana-647dfc6967-2pcf4,76369920
2026-10-10T12:53:49.001Z,grafana-sc-datasources,monitoring,monitoring-grafana-647dfc6967-2pcf4,76369920
2026-10-10T12:54:04.001Z,grafana-sc-datasources,monitoring,monitoring-grafana-647dfc6967-2pcf4,76369920
2026-10-10T12:54:19.001Z,grafana-sc-datasources,monitoring,monitoring-grafana-647dfc6967-2pcf4,76369920
2026-10-10T12:54:34.001Z,grafana-sc-datasources,monitoring,monitoring-grafana-647dfc6967-2pcf4,76369920
2026-10-10T12:54:49.001Z,grafana-sc-datasources,monitoring,monitoring-grafana-647dfc6967-2pcf4,76369920
2026-10-10T12:55:04.001Z,grafana-sc-datasources,monitoring,monitoring-grafana-647dfc6967-2pcf4,76369920
2026-10-10T12:55:19.001Z,grafana-sc-datasources,monitoring,monitoring-grafana-647dfc6967-2pcf4,76369920
2026-10-10T12:55:34.001Z,grafana-sc-datasources,monitoring,monitoring-grafana-647dfc6967-2pcf4,76369920
2026-10-10T12:55:49.001Z,grafana-sc-datasources,monitoring,monitoring-grafana-647dfc6967-2pcf4,76369920
2026-10-10T12:56:04.001Z,grafana-sc-datasources,monitoring,monitoring-grafana-647dfc6967-2pcf4,76369920
2026-10-10T12:56:19.001Z,grafana-sc-datasources,monitoring,monitoring-grafana-647dfc6967-2pcf4,76369920
2026-10-10T12:56:34.001Z,grafana-sc-datasources,monitoring,monitoring-grafana-647dfc6967-2pcf4,76369920
2026-10-10T12:56:49.001Z,grafana-sc-datasources,monitoring,monitoring-grafana-647dfc6967-2pcf4,76369920
2026-10-10T12:57:04.001Z,grafana-sc-datasources,monitoring,monitoring-grafana-647dfc6967-2pcf4,76369920
2026-10-10T12:57:19.001Z,grafana-sc-datasources,monitoring,monitoring-grafana-647dfc6967-2pcf4,76369920
2026-10-10T12:22:49.001Z,k6,k6,rp-20261010122237-1-1-pphln,6193152
2026-10-10T12:23:04.001Z,k6,k6,rp-20261010122237-1-1-pphln,20697088
2026-10-10T12:23:19.001Z,k6,k6,rp-20261010122237-1-1-pphln,21737472
2026-10-10T12:23:34.001Z,k6,k6,rp-20261010122237-1-1-pphln,24485888
2026-10-10T12:23:49.001Z,k6,k6,rp-20261010122237-1-1-pphln,23408640
2026-10-10T12:24:04.001Z,k6,k6,rp-20261010122237-1-1-pphln,23871488
2026-10-10T12:24:19.001Z,k6,k6,rp-20261010122237-1-1-pphln,23781376
2026-10-10T12:24:34.001Z,k6,k6,rp-20261010122237-1-1-pphln,24600576
2026-10-10T12:24:49.001Z,k6,k6,rp-20261010122237-1-1-pphln,24870912
2026-10-10T12:25:04.001Z,k6,k6,rp-20261010122237-1-1-pphln,25333760
2026-10-10T12:25:19.001Z,k6,k6,rp-20261010122237-1-1-pphln,24829952
2026-10-10T12:25:34.001Z,k6,k6,rp-20261010122237-1-1-pphln,24313856
2026-10-10T12:25:49.001Z,k6,k6,rp-20261010122237-1-1-pphln,25042944
2026-10-10T12:26:04.001Z,k6,k6,rp-20261010122237-1-1-pphln,24801280
2026-10-10T12:26:19.001Z,k6,k6,rp-20261010122237-1-1-pphln,25333760
2026-10-10T12:26:34.001Z,k6,k6,rp-20261010122237-1-1-pphln,24825856
2026-10-10T12:26:49.001Z,k6,k6,rp-20261010122237-1-1-pphln,24842240
2026-10-10T12:27:04.001Z,k6,k6,rp-20261010122237-1-1-pphln,24850432
2026-10-10T12:27:19.001Z,k6,k6,rp-20261010122237-1-1-pphln,25407488
2026-10-10T12:27:34.001Z,k6,k6,rp-20261010122237-1-1-pphln,24907776
2026-10-10T12:27:49.001Z,k6,k6,rp-20261010122237-1-1-pphln,25956352
2026-10-10T12:28:04.001Z,k6,k6,rp-20261010122237-1-1-pphln,25956352
2026-10-10T12:28:19.001Z,k6,k6,rp-20261010122237-1-1-pphln,26390528
2026-10-10T12:28:34.001Z,k6,k6,rp-20261010122237-1-1-pphln,25608192
2026-10-10T12:28:49.001Z,k6,k6,rp-20261010122237-1-1-pphln,25354240
2026-10-10T12:29:04.001Z,k6,k6,rp-20261010122237-1-1-pphln,26091520
2026-10-10T12:29:19.001Z,k6,k6,rp-20261010122237-1-1-pphln,27619328
2026-10-10T12:29:34.001Z,k6,k6,rp-20261010122237-1-1-pphln,29700096
2026-10-10T12:29:49.001Z,k6,k6,rp-20261010122237-1-1-pphln,28999680
2026-10-10T12:30:04.001Z,k6,k6,rp-20261010122237-1-1-pphln,31006720
2026-10-10T12:30:19.001Z,k6,k6,rp-20261010122237-1-1-pphln,31006720
2026-10-10T12:30:34.001Z,k6,k6,rp-20261010122237-1-1-pphln,30744576
2026-10-10T12:30:49.001Z,k6,k6,rp-20261010122237-1-1-pphln,30236672
2026-10-10T12:31:04.001Z,k6,k6,rp-20261010122237-1-1-pphln,30535680
2026-10-10T12:31:19.001Z,k6,k6,rp-20261010122237-1-1-pphln,31059968
2026-10-10T12:31:34.001Z,k6,k6,rp-20261010122237-1-1-pphln,30568448
2026-10-10T12:31:49.001Z,k6,k6,rp-20261010122237-1-1-pphln,30846976
2026-10-10T12:32:04.001Z,k6,k6,rp-20261010122237-1-1-pphln,30523392
2026-10-10T12:32:19.001Z,k6,k6,rp-20261010122237-1-1-pphln,30523392
2026-10-10T12:32:34.001Z,k6,k6,rp-20261010122237-1-1-pphln,29696000
2026-10-10T12:32:49.001Z,k6,k6,rp-20261010122237-1-1-pphln,30216192
2026-10-10T12:33:04.001Z,k6,k6,rp-20261010122237-1-1-pphln,30277632
2026-10-10T12:33:19.001Z,k6,k6,rp-20261010122237-1-1-pphln,29523968
2026-10-10T12:33:34.001Z,k6,k6,rp-20261010122237-1-1-pphln,29540352
2026-10-10T12:33:49.001Z,k6,k6,rp-20261010122237-1-1-pphln,29102080
2026-10-10T12:34:04.001Z,k6,k6,rp-20261010122237-1-1-pphln,29609984
2026-10-10T12:34:19.001Z,k6,k6,rp-20261010122237-1-1-pphln,29773824
2026-10-10T12:34:34.001Z,k6,k6,rp-20261010122237-1-1-pphln,30019584
2026-10-10T12:34:49.001Z,k6,k6,rp-20261010122237-1-1-pphln,31207424
2026-10-10T12:35:04.001Z,k6,k6,rp-20261010122237-1-1-pphln,31801344
2026-10-10T12:35:19.001Z,k6,k6,rp-20261010122237-1-1-pphln,32161792
2026-10-10T12:35:34.001Z,k6,k6,rp-20261010122237-1-1-pphln,31047680
2026-10-10T12:35:49.001Z,k6,k6,rp-20261010122237-1-1-pphln,31072256
2026-10-10T12:36:04.001Z,k6,k6,rp-20261010122237-1-1-pphln,30781440
2026-10-10T12:36:19.001Z,k6,k6,rp-20261010122237-1-1-pphln,29589504
2026-10-10T12:36:34.001Z,k6,k6,rp-20261010122237-1-1-pphln,30384128
2026-10-10T12:36:49.001Z,k6,k6,rp-20261010122237-1-1-pphln,32026624
2026-10-10T12:37:04.001Z,k6,k6,rp-20261010122237-1-1-pphln,30986240
2026-10-10T12:37:19.001Z,k6,k6,rp-20261010122237-1-1-pphln,32858112
2026-10-10T12:37:34.001Z,k6,k6,rp-20261010122237-1-1-pphln,33951744
2026-10-10T12:37:49.001Z,k6,k6,rp-20261010122237-1-1-pphln,35221504
2026-10-10T12:38:04.001Z,k6,k6,rp-20261010122237-1-1-pphln,32292864
2026-10-10T12:38:19.001Z,k6,k6,rp-20261010122237-1-1-pphln,32010240
2026-10-10T12:38:34.001Z,k6,k6,rp-20261010122237-1-1-pphln,32817152
2026-10-10T12:38:49.001Z,k6,k6,rp-20261010122237-1-1-pphln,31084544
2026-10-10T12:39:04.001Z,k6,k6,rp-20261010122237-1-1-pphln,31838208
2026-10-10T12:39:19.001Z,k6,k6,rp-20261010122237-1-1-pphln,31301632
2026-10-10T12:39:34.001Z,k6,k6,rp-20261010122237-1-1-pphln,32641024
2026-10-10T12:39:49.001Z,k6,k6,rp-20261010122237-1-1-pphln,32477184
2026-10-10T12:40:04.001Z,k6,k6,rp-20261010122237-1-1-pphln,34111488
2026-10-10T12:40:19.001Z,k6,k6,rp-20261010122237-1-1-pphln,34205696
2026-10-10T12:40:34.001Z,k6,k6,rp-20261010122237-1-1-pphln,34500608
2026-10-10T12:40:49.001Z,k6,k6,rp-20261010122237-1-1-pphln,34467840
2026-10-10T12:41:04.001Z,k6,k6,rp-20261010122237-1-1-pphln,36323328
2026-10-10T12:41:19.001Z,k6,k6,rp-20261010122237-1-1-pphln,37003264
2026-10-10T12:41:34.001Z,k6,k6,rp-20261010122237-1-1-pphln,34729984
2026-10-10T12:41:49.001Z,k6,k6,rp-20261010122237-1-1-pphln,34127872
2026-10-10T12:42:04.001Z,k6,k6,rp-20261010122237-1-1-pphln,34484224
2026-10-10T12:42:19.001Z,k6,k6,rp-20261010122237-1-1-pphln,34639872
2026-10-10T12:42:34.001Z,k6,k6,rp-20261010122237-1-1-pphln,33697792
2026-10-10T12:42:49.001Z,k6,k6,rp-20261010122237-1-1-pphln,33447936
2026-10-10T12:43:04.001Z,k6,k6,rp-20261010122237-1-1-pphln,34144256
2026-10-10T12:43:19.001Z,k6,k6,rp-20261010122237-1-1-pphln,33763328
2026-10-10T12:43:34.001Z,k6,k6,rp-20261010122237-1-1-pphln,35876864
2026-10-10T12:43:49.001Z,k6,k6,rp-20261010122237-1-1-pphln,35876864
2026-10-10T12:44:04.001Z,k6,k6,rp-20261010122237-1-1-pphln,34803712
2026-10-10T12:44:19.001Z,k6,k6,rp-20261010122237-1-1-pphln,37212160
2026-10-10T12:44:34.001Z,k6,k6,rp-20261010122237-1-1-pphln,35467264
2026-10-10T12:44:49.001Z,k6,k6,rp-20261010122237-1-1-pphln,35471360
2026-10-10T12:45:04.001Z,k6,k6,rp-20261010122237-1-1-pphln,35840000
2026-10-10T12:45:19.001Z,k6,k6,rp-20261010122237-1-1-pphln,35844096
2026-10-10T12:45:34.001Z,k6,k6,rp-20261010122237-1-1-pphln,35807232
2026-10-10T12:45:49.001Z,k6,k6,rp-20261010122237-1-1-pphln,35803136
2026-10-10T12:46:04.001Z,k6,k6,rp-20261010122237-1-1-pphln,38051840
2026-10-10T12:46:19.001Z,k6,k6,rp-20261010122237-1-1-pphln,38821888
2026-10-10T12:46:34.001Z,k6,k6,rp-20261010122237-1-1-pphln,38821888
2026-10-10T12:46:49.001Z,k6,k6,rp-20261010122237-1-1-pphln,38612992
2026-10-10T12:47:04.001Z,k6,k6,rp-20261010122237-1-1-pphln,39587840
2026-10-10T12:47:19.001Z,k6,k6,rp-20261010122237-1-1-pphln,39899136
2026-10-10T12:47:34.001Z,k6,k6,rp-20261010122237-1-1-pphln,38187008
2026-10-10T12:47:49.001Z,k6,k6,rp-20261010122237-1-1-pphln,37859328
2026-10-10T12:48:04.001Z,k6,k6,rp-20261010122237-1-1-pphln,39260160
2026-10-10T12:48:19.001Z,k6,k6,rp-20261010122237-1-1-pphln,39260160
2026-10-10T12:48:34.001Z,k6,k6,rp-20261010122237-1-1-pphln,41611264
2026-10-10T12:48:49.001Z,k6,k6,rp-20261010122237-1-1-pphln,38256640
2026-10-10T12:49:04.001Z,k6,k6,rp-20261010122237-1-1-pphln,36106240
2026-10-10T12:49:19.001Z,k6,k6,rp-20261010122237-1-1-pphln,36491264
2026-10-10T12:49:34.001Z,k6,k6,rp-20261010122237-1-1-pphln,37552128
2026-10-10T12:49:49.001Z,k6,k6,rp-20261010122237-1-1-pphln,37376000
2026-10-10T12:50:04.001Z,k6,k6,rp-20261010122237-1-1-pphln,36757504
2026-10-10T12:50:19.001Z,k6,k6,rp-20261010122237-1-1-pphln,37597184
2026-10-10T12:50:34.001Z,k6,k6,rp-20261010122237-1-1-pphln,37085184
2026-10-10T12:50:49.001Z,k6,k6,rp-20261010122237-1-1-pphln,37085184
2026-10-10T12:22:49.001Z,kube-prometheus-stack,monitoring,monitoring-kube-prometheus-operator-6dd9b7895b-nb2cc,22654976
2026-10-10T12:23:04.001Z,kube-prometheus-stack,monitoring,monitoring-kube-prometheus-operator-6dd9b7895b-nb2cc,22654976
2026-10-10T12:23:19.001Z,kube-prometheus-stack,monitoring,monitoring-kube-prometheus-operator-6dd9b7895b-nb2cc,22822912
2026-10-10T12:23:34.001Z,kube-prometheus-stack,monitoring,monitoring-kube-prometheus-operator-6dd9b7895b-nb2cc,23867392
2026-10-10T12:23:49.001Z,kube-prometheus-stack,monitoring,monitoring-kube-prometheus-operator-6dd9b7895b-nb2cc,23347200
2026-10-10T12:24:04.001Z,kube-prometheus-stack,monitoring,monitoring-kube-prometheus-operator-6dd9b7895b-nb2cc,23371776
2026-10-10T12:24:19.001Z,kube-prometheus-stack,monitoring,monitoring-kube-prometheus-operator-6dd9b7895b-nb2cc,23863296
2026-10-10T12:24:34.001Z,kube-prometheus-stack,monitoring,monitoring-kube-prometheus-operator-6dd9b7895b-nb2cc,23863296
2026-10-10T12:24:49.001Z,kube-prometheus-stack,monitoring,monitoring-kube-prometheus-operator-6dd9b7895b-nb2cc,23773184
2026-10-10T12:25:04.001Z,kube-prometheus-stack,monitoring,monitoring-kube-prometheus-operator-6dd9b7895b-nb2cc,24543232
2026-10-10T12:25:19.001Z,kube-prometheus-stack,monitoring,monitoring-kube-prometheus-operator-6dd9b7895b-nb2cc,23506944
2026-10-10T12:25:34.001Z,kube-prometheus-stack,monitoring,monitoring-kube-prometheus-operator-6dd9b7895b-nb2cc,23506944
2026-10-10T12:25:49.001Z,kube-prometheus-stack,monitoring,monitoring-kube-prometheus-operator-6dd9b7895b-nb2cc,23830528
2026-10-10T12:26:04.001Z,kube-prometheus-stack,monitoring,monitoring-kube-prometheus-operator-6dd9b7895b-nb2cc,23826432
2026-10-10T12:26:19.001Z,kube-prometheus-stack,monitoring,monitoring-kube-prometheus-operator-6dd9b7895b-nb2cc,24338432
2026-10-10T12:26:34.001Z,kube-prometheus-stack,monitoring,monitoring-kube-prometheus-operator-6dd9b7895b-nb2cc,24674304
2026-10-10T12:26:49.001Z,kube-prometheus-stack,monitoring,monitoring-kube-prometheus-operator-6dd9b7895b-nb2cc,24166400
2026-10-10T12:27:04.001Z,kube-prometheus-stack,monitoring,monitoring-kube-prometheus-operator-6dd9b7895b-nb2cc,23912448
2026-10-10T12:27:19.001Z,kube-prometheus-stack,monitoring,monitoring-kube-prometheus-operator-6dd9b7895b-nb2cc,23912448
2026-10-10T12:27:34.001Z,kube-prometheus-stack,monitoring,monitoring-kube-prometheus-operator-6dd9b7895b-nb2cc,23654400
2026-10-10T12:27:49.001Z,kube-prometheus-stack,monitoring,monitoring-kube-prometheus-operator-6dd9b7895b-nb2cc,23916544
2026-10-10T12:28:04.001Z,kube-prometheus-stack,monitoring,monitoring-kube-prometheus-operator-6dd9b7895b-nb2cc,23654400
2026-10-10T12:28:19.001Z,kube-prometheus-stack,monitoring,monitoring-kube-prometheus-operator-6dd9b7895b-nb2cc,22548480
2026-10-10T12:28:34.001Z,kube-prometheus-stack,monitoring,monitoring-kube-prometheus-operator-6dd9b7895b-nb2cc,22540288
2026-10-10T12:28:49.001Z,kube-prometheus-stack,monitoring,monitoring-kube-prometheus-operator-6dd9b7895b-nb2cc,22945792
2026-10-10T12:29:04.001Z,kube-prometheus-stack,monitoring,monitoring-kube-prometheus-operator-6dd9b7895b-nb2cc,22945792
2026-10-10T12:29:19.001Z,kube-prometheus-stack,monitoring,monitoring-kube-prometheus-operator-6dd9b7895b-nb2cc,22683648
2026-10-10T12:29:34.001Z,kube-prometheus-stack,monitoring,monitoring-kube-prometheus-operator-6dd9b7895b-nb2cc,22945792
2026-10-10T12:29:49.001Z,kube-prometheus-stack,monitoring,monitoring-kube-prometheus-operator-6dd9b7895b-nb2cc,23203840
2026-10-10T12:30:04.001Z,kube-prometheus-stack,monitoring,monitoring-kube-prometheus-operator-6dd9b7895b-nb2cc,22687744
2026-10-10T12:30:19.001Z,kube-prometheus-stack,monitoring,monitoring-kube-prometheus-operator-6dd9b7895b-nb2cc,22691840
2026-10-10T12:30:34.001Z,kube-prometheus-stack,monitoring,monitoring-kube-prometheus-operator-6dd9b7895b-nb2cc,22970368
2026-10-10T12:30:49.001Z,kube-prometheus-stack,monitoring,monitoring-kube-prometheus-operator-6dd9b7895b-nb2cc,23740416
2026-10-10T12:31:04.001Z,kube-prometheus-stack,monitoring,monitoring-kube-prometheus-operator-6dd9b7895b-nb2cc,22708224
2026-10-10T12:31:19.001Z,kube-prometheus-stack,monitoring,monitoring-kube-prometheus-operator-6dd9b7895b-nb2cc,23236608
2026-10-10T12:31:34.001Z,kube-prometheus-stack,monitoring,monitoring-kube-prometheus-operator-6dd9b7895b-nb2cc,23724032
2026-10-10T12:31:49.001Z,kube-prometheus-stack,monitoring,monitoring-kube-prometheus-operator-6dd9b7895b-nb2cc,23724032
2026-10-10T12:32:04.001Z,kube-prometheus-stack,monitoring,monitoring-kube-prometheus-operator-6dd9b7895b-nb2cc,23461888
2026-10-10T12:32:19.001Z,kube-prometheus-stack,monitoring,monitoring-kube-prometheus-operator-6dd9b7895b-nb2cc,23461888
2026-10-10T12:32:34.001Z,kube-prometheus-stack,monitoring,monitoring-kube-prometheus-operator-6dd9b7895b-nb2cc,23461888
2026-10-10T12:32:49.001Z,kube-prometheus-stack,monitoring,monitoring-kube-prometheus-operator-6dd9b7895b-nb2cc,23728128
2026-10-10T12:33:04.001Z,kube-prometheus-stack,monitoring,monitoring-kube-prometheus-operator-6dd9b7895b-nb2cc,23470080
2026-10-10T12:33:19.001Z,kube-prometheus-stack,monitoring,monitoring-kube-prometheus-operator-6dd9b7895b-nb2cc,23994368
2026-10-10T12:33:34.001Z,kube-prometheus-stack,monitoring,monitoring-kube-prometheus-operator-6dd9b7895b-nb2cc,23470080
2026-10-10T12:33:49.001Z,kube-prometheus-stack,monitoring,monitoring-kube-prometheus-operator-6dd9b7895b-nb2cc,23474176
2026-10-10T12:34:04.001Z,kube-prometheus-stack,monitoring,monitoring-kube-prometheus-operator-6dd9b7895b-nb2cc,23470080
2026-10-10T12:34:19.001Z,kube-prometheus-stack,monitoring,monitoring-kube-prometheus-operator-6dd9b7895b-nb2cc,23470080
2026-10-10T12:34:34.001Z,kube-prometheus-stack,monitoring,monitoring-kube-prometheus-operator-6dd9b7895b-nb2cc,23732224
2026-10-10T12:34:49.001Z,kube-prometheus-stack,monitoring,monitoring-kube-prometheus-operator-6dd9b7895b-nb2cc,23756800
2026-10-10T12:35:04.001Z,kube-prometheus-stack,monitoring,monitoring-kube-prometheus-operator-6dd9b7895b-nb2cc,23568384
2026-10-10T12:35:19.001Z,kube-prometheus-stack,monitoring,monitoring-kube-prometheus-operator-6dd9b7895b-nb2cc,23638016
2026-10-10T12:35:34.001Z,kube-prometheus-stack,monitoring,monitoring-kube-prometheus-operator-6dd9b7895b-nb2cc,24465408
2026-10-10T12:35:49.001Z,kube-prometheus-stack,monitoring,monitoring-kube-prometheus-operator-6dd9b7895b-nb2cc,24485888
2026-10-10T12:36:04.001Z,kube-prometheus-stack,monitoring,monitoring-kube-prometheus-operator-6dd9b7895b-nb2cc,24526848
2026-10-10T12:36:19.001Z,kube-prometheus-stack,monitoring,monitoring-kube-prometheus-operator-6dd9b7895b-nb2cc,22831104
2026-10-10T12:36:34.001Z,kube-prometheus-stack,monitoring,monitoring-kube-prometheus-operator-6dd9b7895b-nb2cc,23080960
2026-10-10T12:36:49.001Z,kube-prometheus-stack,monitoring,monitoring-kube-prometheus-operator-6dd9b7895b-nb2cc,22941696
2026-10-10T12:37:04.001Z,kube-prometheus-stack,monitoring,monitoring-kube-prometheus-operator-6dd9b7895b-nb2cc,22941696
2026-10-10T12:37:19.001Z,kube-prometheus-stack,monitoring,monitoring-kube-prometheus-operator-6dd9b7895b-nb2cc,22941696
2026-10-10T12:37:34.001Z,kube-prometheus-stack,monitoring,monitoring-kube-prometheus-operator-6dd9b7895b-nb2cc,22941696
2026-10-10T12:37:49.001Z,kube-prometheus-stack,monitoring,monitoring-kube-prometheus-operator-6dd9b7895b-nb2cc,23465984
2026-10-10T12:38:04.001Z,kube-prometheus-stack,monitoring,monitoring-kube-prometheus-operator-6dd9b7895b-nb2cc,22286336
2026-10-10T12:38:19.001Z,kube-prometheus-stack,monitoring,monitoring-kube-prometheus-operator-6dd9b7895b-nb2cc,22691840
2026-10-10T12:38:34.001Z,kube-prometheus-stack,monitoring,monitoring-kube-prometheus-operator-6dd9b7895b-nb2cc,22429696
2026-10-10T12:38:49.001Z,kube-prometheus-stack,monitoring,monitoring-kube-prometheus-operator-6dd9b7895b-nb2cc,23183360
2026-10-10T12:39:04.001Z,kube-prometheus-stack,monitoring,monitoring-kube-prometheus-operator-6dd9b7895b-nb2cc,23183360
2026-10-10T12:39:19.001Z,kube-prometheus-stack,monitoring,monitoring-kube-prometheus-operator-6dd9b7895b-nb2cc,23461888
2026-10-10T12:39:34.001Z,kube-prometheus-stack,monitoring,monitoring-kube-prometheus-operator-6dd9b7895b-nb2cc,23461888
2026-10-10T12:39:49.001Z,kube-prometheus-stack,monitoring,monitoring-kube-prometheus-operator-6dd9b7895b-nb2cc,23203840
2026-10-10T12:40:04.001Z,kube-prometheus-stack,monitoring,monitoring-kube-prometheus-operator-6dd9b7895b-nb2cc,22450176
2026-10-10T12:40:19.001Z,kube-prometheus-stack,monitoring,monitoring-kube-prometheus-operator-6dd9b7895b-nb2cc,23117824
2026-10-10T12:40:34.001Z,kube-prometheus-stack,monitoring,monitoring-kube-prometheus-operator-6dd9b7895b-nb2cc,22851584
2026-10-10T12:40:49.001Z,kube-prometheus-stack,monitoring,monitoring-kube-prometheus-operator-6dd9b7895b-nb2cc,23113728
2026-10-10T12:41:04.001Z,kube-prometheus-stack,monitoring,monitoring-kube-prometheus-operator-6dd9b7895b-nb2cc,22851584
2026-10-10T12:41:19.001Z,kube-prometheus-stack,monitoring,monitoring-kube-prometheus-operator-6dd9b7895b-nb2cc,23289856
2026-10-10T12:41:34.001Z,kube-prometheus-stack,monitoring,monitoring-kube-prometheus-operator-6dd9b7895b-nb2cc,23027712
2026-10-10T12:41:49.001Z,kube-prometheus-stack,monitoring,monitoring-kube-prometheus-operator-6dd9b7895b-nb2cc,23027712
2026-10-10T12:42:04.001Z,kube-prometheus-stack,monitoring,monitoring-kube-prometheus-operator-6dd9b7895b-nb2cc,23289856
2026-10-10T12:42:19.001Z,kube-prometheus-stack,monitoring,monitoring-kube-prometheus-operator-6dd9b7895b-nb2cc,22675456
2026-10-10T12:42:34.001Z,kube-prometheus-stack,monitoring,monitoring-kube-prometheus-operator-6dd9b7895b-nb2cc,22679552
2026-10-10T12:42:49.001Z,kube-prometheus-stack,monitoring,monitoring-kube-prometheus-operator-6dd9b7895b-nb2cc,22102016
2026-10-10T12:43:04.001Z,kube-prometheus-stack,monitoring,monitoring-kube-prometheus-operator-6dd9b7895b-nb2cc,22466560
2026-10-10T12:43:19.001Z,kube-prometheus-stack,monitoring,monitoring-kube-prometheus-operator-6dd9b7895b-nb2cc,22302720
2026-10-10T12:43:34.001Z,kube-prometheus-stack,monitoring,monitoring-kube-prometheus-operator-6dd9b7895b-nb2cc,22302720
2026-10-10T12:43:49.001Z,kube-prometheus-stack,monitoring,monitoring-kube-prometheus-operator-6dd9b7895b-nb2cc,22839296
2026-10-10T12:44:04.001Z,kube-prometheus-stack,monitoring,monitoring-kube-prometheus-operator-6dd9b7895b-nb2cc,22306816
2026-10-10T12:44:19.001Z,kube-prometheus-stack,monitoring,monitoring-kube-prometheus-operator-6dd9b7895b-nb2cc,23097344
2026-10-10T12:44:34.001Z,kube-prometheus-stack,monitoring,monitoring-kube-prometheus-operator-6dd9b7895b-nb2cc,23642112
2026-10-10T12:44:49.001Z,kube-prometheus-stack,monitoring,monitoring-kube-prometheus-operator-6dd9b7895b-nb2cc,23642112
2026-10-10T12:45:04.001Z,kube-prometheus-stack,monitoring,monitoring-kube-prometheus-operator-6dd9b7895b-nb2cc,23117824
2026-10-10T12:45:19.001Z,kube-prometheus-stack,monitoring,monitoring-kube-prometheus-operator-6dd9b7895b-nb2cc,23117824
2026-10-10T12:45:34.001Z,kube-prometheus-stack,monitoring,monitoring-kube-prometheus-operator-6dd9b7895b-nb2cc,23117824
2026-10-10T12:45:49.001Z,kube-prometheus-stack,monitoring,monitoring-kube-prometheus-operator-6dd9b7895b-nb2cc,23117824
2026-10-10T12:46:04.001Z,kube-prometheus-stack,monitoring,monitoring-kube-prometheus-operator-6dd9b7895b-nb2cc,23379968
2026-10-10T12:46:19.001Z,kube-prometheus-stack,monitoring,monitoring-kube-prometheus-operator-6dd9b7895b-nb2cc,23117824
2026-10-10T12:46:34.001Z,kube-prometheus-stack,monitoring,monitoring-kube-prometheus-operator-6dd9b7895b-nb2cc,24178688
2026-10-10T12:46:49.001Z,kube-prometheus-stack,monitoring,monitoring-kube-prometheus-operator-6dd9b7895b-nb2cc,24178688
2026-10-10T12:47:04.001Z,kube-prometheus-stack,monitoring,monitoring-kube-prometheus-operator-6dd9b7895b-nb2cc,23195648
2026-10-10T12:47:19.001Z,kube-prometheus-stack,monitoring,monitoring-kube-prometheus-operator-6dd9b7895b-nb2cc,23195648
2026-10-10T12:47:34.001Z,kube-prometheus-stack,monitoring,monitoring-kube-prometheus-operator-6dd9b7895b-nb2cc,23248896
2026-10-10T12:47:49.001Z,kube-prometheus-stack,monitoring,monitoring-kube-prometheus-operator-6dd9b7895b-nb2cc,23511040
2026-10-10T12:48:04.001Z,kube-prometheus-stack,monitoring,monitoring-kube-prometheus-operator-6dd9b7895b-nb2cc,23511040
2026-10-10T12:48:19.001Z,kube-prometheus-stack,monitoring,monitoring-kube-prometheus-operator-6dd9b7895b-nb2cc,23248896
2026-10-10T12:48:34.001Z,kube-prometheus-stack,monitoring,monitoring-kube-prometheus-operator-6dd9b7895b-nb2cc,23252992
2026-10-10T12:48:49.001Z,kube-prometheus-stack,monitoring,monitoring-kube-prometheus-operator-6dd9b7895b-nb2cc,23298048
2026-10-10T12:49:04.001Z,kube-prometheus-stack,monitoring,monitoring-kube-prometheus-operator-6dd9b7895b-nb2cc,23560192
2026-10-10T12:49:19.001Z,kube-prometheus-stack,monitoring,monitoring-kube-prometheus-operator-6dd9b7895b-nb2cc,23830528
2026-10-10T12:49:34.001Z,kube-prometheus-stack,monitoring,monitoring-kube-prometheus-operator-6dd9b7895b-nb2cc,23322624
2026-10-10T12:49:49.001Z,kube-prometheus-stack,monitoring,monitoring-kube-prometheus-operator-6dd9b7895b-nb2cc,23322624
2026-10-10T12:50:04.001Z,kube-prometheus-stack,monitoring,monitoring-kube-prometheus-operator-6dd9b7895b-nb2cc,23322624
2026-10-10T12:50:19.001Z,kube-prometheus-stack,monitoring,monitoring-kube-prometheus-operator-6dd9b7895b-nb2cc,23326720
2026-10-10T12:50:34.001Z,kube-prometheus-stack,monitoring,monitoring-kube-prometheus-operator-6dd9b7895b-nb2cc,23326720
2026-10-10T12:50:49.001Z,kube-prometheus-stack,monitoring,monitoring-kube-prometheus-operator-6dd9b7895b-nb2cc,23355392
2026-10-10T12:51:04.001Z,kube-prometheus-stack,monitoring,monitoring-kube-prometheus-operator-6dd9b7895b-nb2cc,23887872
2026-10-10T12:51:19.001Z,kube-prometheus-stack,monitoring,monitoring-kube-prometheus-operator-6dd9b7895b-nb2cc,23425024
2026-10-10T12:51:34.001Z,kube-prometheus-stack,monitoring,monitoring-kube-prometheus-operator-6dd9b7895b-nb2cc,23429120
2026-10-10T12:51:49.001Z,kube-prometheus-stack,monitoring,monitoring-kube-prometheus-operator-6dd9b7895b-nb2cc,23429120
2026-10-10T12:52:04.001Z,kube-prometheus-stack,monitoring,monitoring-kube-prometheus-operator-6dd9b7895b-nb2cc,22839296
2026-10-10T12:52:19.001Z,kube-prometheus-stack,monitoring,monitoring-kube-prometheus-operator-6dd9b7895b-nb2cc,22765568
2026-10-10T12:52:34.001Z,kube-prometheus-stack,monitoring,monitoring-kube-prometheus-operator-6dd9b7895b-nb2cc,23228416
2026-10-10T12:52:49.001Z,kube-prometheus-stack,monitoring,monitoring-kube-prometheus-operator-6dd9b7895b-nb2cc,22704128
2026-10-10T12:53:04.001Z,kube-prometheus-stack,monitoring,monitoring-kube-prometheus-operator-6dd9b7895b-nb2cc,23363584
2026-10-10T12:53:19.001Z,kube-prometheus-stack,monitoring,monitoring-kube-prometheus-operator-6dd9b7895b-nb2cc,23363584
2026-10-10T12:53:34.001Z,kube-prometheus-stack,monitoring,monitoring-kube-prometheus-operator-6dd9b7895b-nb2cc,23883776
2026-10-10T12:53:49.001Z,kube-prometheus-stack,monitoring,monitoring-kube-prometheus-operator-6dd9b7895b-nb2cc,22904832
2026-10-10T12:54:04.001Z,kube-prometheus-stack,monitoring,monitoring-kube-prometheus-operator-6dd9b7895b-nb2cc,22904832
2026-10-10T12:54:19.001Z,kube-prometheus-stack,monitoring,monitoring-kube-prometheus-operator-6dd9b7895b-nb2cc,22917120
2026-10-10T12:54:34.001Z,kube-prometheus-stack,monitoring,monitoring-kube-prometheus-operator-6dd9b7895b-nb2cc,23502848
2026-10-10T12:54:49.001Z,kube-prometheus-stack,monitoring,monitoring-kube-prometheus-operator-6dd9b7895b-nb2cc,22491136
2026-10-10T12:55:04.001Z,kube-prometheus-stack,monitoring,monitoring-kube-prometheus-operator-6dd9b7895b-nb2cc,22495232
2026-10-10T12:55:19.001Z,kube-prometheus-stack,monitoring,monitoring-kube-prometheus-operator-6dd9b7895b-nb2cc,22503424
2026-10-10T12:55:34.001Z,kube-prometheus-stack,monitoring,monitoring-kube-prometheus-operator-6dd9b7895b-nb2cc,22503424
2026-10-10T12:55:49.001Z,kube-prometheus-stack,monitoring,monitoring-kube-prometheus-operator-6dd9b7895b-nb2cc,23019520
2026-10-10T12:56:04.001Z,kube-prometheus-stack,monitoring,monitoring-kube-prometheus-operator-6dd9b7895b-nb2cc,23023616
2026-10-10T12:56:19.001Z,kube-prometheus-stack,monitoring,monitoring-kube-prometheus-operator-6dd9b7895b-nb2cc,23035904
2026-10-10T12:56:34.001Z,kube-prometheus-stack,monitoring,monitoring-kube-prometheus-operator-6dd9b7895b-nb2cc,23298048
2026-10-10T12:56:49.001Z,kube-prometheus-stack,monitoring,monitoring-kube-prometheus-operator-6dd9b7895b-nb2cc,22831104
2026-10-10T12:57:04.001Z,kube-prometheus-stack,monitoring,monitoring-kube-prometheus-operator-6dd9b7895b-nb2cc,23486464
2026-10-10T12:57:19.001Z,kube-prometheus-stack,monitoring,monitoring-kube-prometheus-operator-6dd9b7895b-nb2cc,23486464
2026-10-10T12:22:49.001Z,kube-state-metrics,monitoring,monitoring-kube-state-metrics-86b584b658-f54lw,21700608
2026-10-10T12:23:04.001Z,kube-state-metrics,monitoring,monitoring-kube-state-metrics-86b584b658-f54lw,20975616
2026-10-10T12:23:19.001Z,kube-state-metrics,monitoring,monitoring-kube-state-metrics-86b584b658-f54lw,21749760
2026-10-10T12:23:34.001Z,kube-state-metrics,monitoring,monitoring-kube-state-metrics-86b584b658-f54lw,20979712
2026-10-10T12:23:49.001Z,kube-state-metrics,monitoring,monitoring-kube-state-metrics-86b584b658-f54lw,21495808
2026-10-10T12:24:04.001Z,kube-state-metrics,monitoring,monitoring-kube-state-metrics-86b584b658-f54lw,21504000
2026-10-10T12:24:19.001Z,kube-state-metrics,monitoring,monitoring-kube-state-metrics-86b584b658-f54lw,20975616
2026-10-10T12:24:34.001Z,kube-state-metrics,monitoring,monitoring-kube-state-metrics-86b584b658-f54lw,21237760
2026-10-10T12:24:49.001Z,kube-state-metrics,monitoring,monitoring-kube-state-metrics-86b584b658-f54lw,20979712
2026-10-10T12:25:04.001Z,kube-state-metrics,monitoring,monitoring-kube-state-metrics-86b584b658-f54lw,19927040
2026-10-10T12:25:19.001Z,kube-state-metrics,monitoring,monitoring-kube-state-metrics-86b584b658-f54lw,20189184
2026-10-10T12:25:34.001Z,kube-state-metrics,monitoring,monitoring-kube-state-metrics-86b584b658-f54lw,19664896
2026-10-10T12:25:49.001Z,kube-state-metrics,monitoring,monitoring-kube-state-metrics-86b584b658-f54lw,19922944
2026-10-10T12:26:04.001Z,kube-state-metrics,monitoring,monitoring-kube-state-metrics-86b584b658-f54lw,19922944
2026-10-10T12:26:19.001Z,kube-state-metrics,monitoring,monitoring-kube-state-metrics-86b584b658-f54lw,19673088
2026-10-10T12:26:34.001Z,kube-state-metrics,monitoring,monitoring-kube-state-metrics-86b584b658-f54lw,20447232
2026-10-10T12:26:49.001Z,kube-state-metrics,monitoring,monitoring-kube-state-metrics-86b584b658-f54lw,20189184
2026-10-10T12:27:04.001Z,kube-state-metrics,monitoring,monitoring-kube-state-metrics-86b584b658-f54lw,19271680
2026-10-10T12:27:19.001Z,kube-state-metrics,monitoring,monitoring-kube-state-metrics-86b584b658-f54lw,19537920
2026-10-10T12:27:34.001Z,kube-state-metrics,monitoring,monitoring-kube-state-metrics-86b584b658-f54lw,19529728
2026-10-10T12:27:49.001Z,kube-state-metrics,monitoring,monitoring-kube-state-metrics-86b584b658-f54lw,19537920
2026-10-10T12:28:04.001Z,kube-state-metrics,monitoring,monitoring-kube-state-metrics-86b584b658-f54lw,19537920
2026-10-10T12:28:19.001Z,kube-state-metrics,monitoring,monitoring-kube-state-metrics-86b584b658-f54lw,19800064
2026-10-10T12:28:34.001Z,kube-state-metrics,monitoring,monitoring-kube-state-metrics-86b584b658-f54lw,19533824
2026-10-10T12:28:49.001Z,kube-state-metrics,monitoring,monitoring-kube-state-metrics-86b584b658-f54lw,19271680
2026-10-10T12:29:04.001Z,kube-state-metrics,monitoring,monitoring-kube-state-metrics-86b584b658-f54lw,19271680
2026-10-10T12:29:19.001Z,kube-state-metrics,monitoring,monitoring-kube-state-metrics-86b584b658-f54lw,19791872
2026-10-10T12:29:34.001Z,kube-state-metrics,monitoring,monitoring-kube-state-metrics-86b584b658-f54lw,19783680
2026-10-10T12:29:49.001Z,kube-state-metrics,monitoring,monitoring-kube-state-metrics-86b584b658-f54lw,19275776
2026-10-10T12:30:04.001Z,kube-state-metrics,monitoring,monitoring-kube-state-metrics-86b584b658-f54lw,19275776
2026-10-10T12:30:19.001Z,kube-state-metrics,monitoring,monitoring-kube-state-metrics-86b584b658-f54lw,19279872
2026-10-10T12:30:34.001Z,kube-state-metrics,monitoring,monitoring-kube-state-metrics-86b584b658-f54lw,19275776
2026-10-10T12:30:49.001Z,kube-state-metrics,monitoring,monitoring-kube-state-metrics-86b584b658-f54lw,19542016
2026-10-10T12:31:04.001Z,kube-state-metrics,monitoring,monitoring-kube-state-metrics-86b584b658-f54lw,19279872
2026-10-10T12:31:19.001Z,kube-state-metrics,monitoring,monitoring-kube-state-metrics-86b584b658-f54lw,19542016
2026-10-10T12:31:34.001Z,kube-state-metrics,monitoring,monitoring-kube-state-metrics-86b584b658-f54lw,19795968
2026-10-10T12:31:49.001Z,kube-state-metrics,monitoring,monitoring-kube-state-metrics-86b584b658-f54lw,19275776
2026-10-10T12:32:04.001Z,kube-state-metrics,monitoring,monitoring-kube-state-metrics-86b584b658-f54lw,19451904
2026-10-10T12:32:19.001Z,kube-state-metrics,monitoring,monitoring-kube-state-metrics-86b584b658-f54lw,19533824
2026-10-10T12:32:34.001Z,kube-state-metrics,monitoring,monitoring-kube-state-metrics-86b584b658-f54lw,20058112
2026-10-10T12:32:49.001Z,kube-state-metrics,monitoring,monitoring-kube-state-metrics-86b584b658-f54lw,20062208
2026-10-10T12:33:04.001Z,kube-state-metrics,monitoring,monitoring-kube-state-metrics-86b584b658-f54lw,19275776
2026-10-10T12:33:19.001Z,kube-state-metrics,monitoring,monitoring-kube-state-metrics-86b584b658-f54lw,19275776
2026-10-10T12:33:34.001Z,kube-state-metrics,monitoring,monitoring-kube-state-metrics-86b584b658-f54lw,19275776
2026-10-10T12:33:49.001Z,kube-state-metrics,monitoring,monitoring-kube-state-metrics-86b584b658-f54lw,19275776
2026-10-10T12:34:04.001Z,kube-state-metrics,monitoring,monitoring-kube-state-metrics-86b584b658-f54lw,19800064
2026-10-10T12:34:19.001Z,kube-state-metrics,monitoring,monitoring-kube-state-metrics-86b584b658-f54lw,19800064
2026-10-10T12:34:34.001Z,kube-state-metrics,monitoring,monitoring-kube-state-metrics-86b584b658-f54lw,19537920
2026-10-10T12:34:49.001Z,kube-state-metrics,monitoring,monitoring-kube-state-metrics-86b584b658-f54lw,19537920
2026-10-10T12:35:04.001Z,kube-state-metrics,monitoring,monitoring-kube-state-metrics-86b584b658-f54lw,19275776
2026-10-10T12:35:19.001Z,kube-state-metrics,monitoring,monitoring-kube-state-metrics-86b584b658-f54lw,19275776
2026-10-10T12:35:34.001Z,kube-state-metrics,monitoring,monitoring-kube-state-metrics-86b584b658-f54lw,19275776
2026-10-10T12:35:49.001Z,kube-state-metrics,monitoring,monitoring-kube-state-metrics-86b584b658-f54lw,19279872
2026-10-10T12:36:04.001Z,kube-state-metrics,monitoring,monitoring-kube-state-metrics-86b584b658-f54lw,19275776
2026-10-10T12:36:19.001Z,kube-state-metrics,monitoring,monitoring-kube-state-metrics-86b584b658-f54lw,19275776
2026-10-10T12:36:34.001Z,kube-state-metrics,monitoring,monitoring-kube-state-metrics-86b584b658-f54lw,19279872
2026-10-10T12:36:49.001Z,kube-state-metrics,monitoring,monitoring-kube-state-metrics-86b584b658-f54lw,19279872
2026-10-10T12:37:04.001Z,kube-state-metrics,monitoring,monitoring-kube-state-metrics-86b584b658-f54lw,18886656
2026-10-10T12:37:19.001Z,kube-state-metrics,monitoring,monitoring-kube-state-metrics-86b584b658-f54lw,19148800
2026-10-10T12:37:34.001Z,kube-state-metrics,monitoring,monitoring-kube-state-metrics-86b584b658-f54lw,18894848
2026-10-10T12:37:49.001Z,kube-state-metrics,monitoring,monitoring-kube-state-metrics-86b584b658-f54lw,19148800
2026-10-10T12:38:04.001Z,kube-state-metrics,monitoring,monitoring-kube-state-metrics-86b584b658-f54lw,18886656
2026-10-10T12:38:19.001Z,kube-state-metrics,monitoring,monitoring-kube-state-metrics-86b584b658-f54lw,18886656
2026-10-10T12:38:34.001Z,kube-state-metrics,monitoring,monitoring-kube-state-metrics-86b584b658-f54lw,18890752
2026-10-10T12:38:49.001Z,kube-state-metrics,monitoring,monitoring-kube-state-metrics-86b584b658-f54lw,18886656
2026-10-10T12:39:04.001Z,kube-state-metrics,monitoring,monitoring-kube-state-metrics-86b584b658-f54lw,18886656
2026-10-10T12:39:19.001Z,kube-state-metrics,monitoring,monitoring-kube-state-metrics-86b584b658-f54lw,18890752
2026-10-10T12:39:34.001Z,kube-state-metrics,monitoring,monitoring-kube-state-metrics-86b584b658-f54lw,18898944
2026-10-10T12:39:49.001Z,kube-state-metrics,monitoring,monitoring-kube-state-metrics-86b584b658-f54lw,18894848
2026-10-10T12:40:04.001Z,kube-state-metrics,monitoring,monitoring-kube-state-metrics-86b584b658-f54lw,18894848
2026-10-10T12:40:19.001Z,kube-state-metrics,monitoring,monitoring-kube-state-metrics-86b584b658-f54lw,18894848
2026-10-10T12:40:34.001Z,kube-state-metrics,monitoring,monitoring-kube-state-metrics-86b584b658-f54lw,18894848
2026-10-10T12:40:49.001Z,kube-state-metrics,monitoring,monitoring-kube-state-metrics-86b584b658-f54lw,19152896
2026-10-10T12:41:04.001Z,kube-state-metrics,monitoring,monitoring-kube-state-metrics-86b584b658-f54lw,19156992
2026-10-10T12:41:19.001Z,kube-state-metrics,monitoring,monitoring-kube-state-metrics-86b584b658-f54lw,18894848
2026-10-10T12:41:34.001Z,kube-state-metrics,monitoring,monitoring-kube-state-metrics-86b584b658-f54lw,19419136
2026-10-10T12:41:49.001Z,kube-state-metrics,monitoring,monitoring-kube-state-metrics-86b584b658-f54lw,18894848
2026-10-10T12:42:04.001Z,kube-state-metrics,monitoring,monitoring-kube-state-metrics-86b584b658-f54lw,18898944
2026-10-10T12:42:19.001Z,kube-state-metrics,monitoring,monitoring-kube-state-metrics-86b584b658-f54lw,18894848
2026-10-10T12:42:34.001Z,kube-state-metrics,monitoring,monitoring-kube-state-metrics-86b584b658-f54lw,18898944
2026-10-10T12:42:49.001Z,kube-state-metrics,monitoring,monitoring-kube-state-metrics-86b584b658-f54lw,18894848
2026-10-10T12:43:04.001Z,kube-state-metrics,monitoring,monitoring-kube-state-metrics-86b584b658-f54lw,18894848
2026-10-10T12:43:19.001Z,kube-state-metrics,monitoring,monitoring-kube-state-metrics-86b584b658-f54lw,19156992
2026-10-10T12:43:34.001Z,kube-state-metrics,monitoring,monitoring-kube-state-metrics-86b584b658-f54lw,19156992
2026-10-10T12:43:49.001Z,kube-state-metrics,monitoring,monitoring-kube-state-metrics-86b584b658-f54lw,19423232
2026-10-10T12:44:04.001Z,kube-state-metrics,monitoring,monitoring-kube-state-metrics-86b584b658-f54lw,19161088
2026-10-10T12:44:19.001Z,kube-state-metrics,monitoring,monitoring-kube-state-metrics-86b584b658-f54lw,18903040
2026-10-10T12:44:34.001Z,kube-state-metrics,monitoring,monitoring-kube-state-metrics-86b584b658-f54lw,18903040
2026-10-10T12:44:49.001Z,kube-state-metrics,monitoring,monitoring-kube-state-metrics-86b584b658-f54lw,19165184
2026-10-10T12:45:04.001Z,kube-state-metrics,monitoring,monitoring-kube-state-metrics-86b584b658-f54lw,19001344
2026-10-10T12:45:19.001Z,kube-state-metrics,monitoring,monitoring-kube-state-metrics-86b584b658-f54lw,19333120
2026-10-10T12:45:34.001Z,kube-state-metrics,monitoring,monitoring-kube-state-metrics-86b584b658-f54lw,19099648
2026-10-10T12:45:49.001Z,kube-state-metrics,monitoring,monitoring-kube-state-metrics-86b584b658-f54lw,19128320
2026-10-10T12:46:04.001Z,kube-state-metrics,monitoring,monitoring-kube-state-metrics-86b584b658-f54lw,19144704
2026-10-10T12:46:19.001Z,kube-state-metrics,monitoring,monitoring-kube-state-metrics-86b584b658-f54lw,19148800
2026-10-10T12:46:34.001Z,kube-state-metrics,monitoring,monitoring-kube-state-metrics-86b584b658-f54lw,19415040
2026-10-10T12:46:49.001Z,kube-state-metrics,monitoring,monitoring-kube-state-metrics-86b584b658-f54lw,19148800
2026-10-10T12:47:04.001Z,kube-state-metrics,monitoring,monitoring-kube-state-metrics-86b584b658-f54lw,19148800
2026-10-10T12:47:19.001Z,kube-state-metrics,monitoring,monitoring-kube-state-metrics-86b584b658-f54lw,19152896
2026-10-10T12:47:34.001Z,kube-state-metrics,monitoring,monitoring-kube-state-metrics-86b584b658-f54lw,19152896
2026-10-10T12:47:49.001Z,kube-state-metrics,monitoring,monitoring-kube-state-metrics-86b584b658-f54lw,19415040
2026-10-10T12:48:04.001Z,kube-state-metrics,monitoring,monitoring-kube-state-metrics-86b584b658-f54lw,19415040
2026-10-10T12:48:19.001Z,kube-state-metrics,monitoring,monitoring-kube-state-metrics-86b584b658-f54lw,19415040
2026-10-10T12:48:34.001Z,kube-state-metrics,monitoring,monitoring-kube-state-metrics-86b584b658-f54lw,19415040
2026-10-10T12:48:49.001Z,kube-state-metrics,monitoring,monitoring-kube-state-metrics-86b584b658-f54lw,19681280
2026-10-10T12:49:04.001Z,kube-state-metrics,monitoring,monitoring-kube-state-metrics-86b584b658-f54lw,19152896
2026-10-10T12:49:19.001Z,kube-state-metrics,monitoring,monitoring-kube-state-metrics-86b584b658-f54lw,19206144
2026-10-10T12:49:34.001Z,kube-state-metrics,monitoring,monitoring-kube-state-metrics-86b584b658-f54lw,19488768
2026-10-10T12:49:49.001Z,kube-state-metrics,monitoring,monitoring-kube-state-metrics-86b584b658-f54lw,19238912
2026-10-10T12:50:04.001Z,kube-state-metrics,monitoring,monitoring-kube-state-metrics-86b584b658-f54lw,19271680
2026-10-10T12:50:19.001Z,kube-state-metrics,monitoring,monitoring-kube-state-metrics-86b584b658-f54lw,19271680
2026-10-10T12:50:34.001Z,kube-state-metrics,monitoring,monitoring-kube-state-metrics-86b584b658-f54lw,19812352
2026-10-10T12:50:49.001Z,kube-state-metrics,monitoring,monitoring-kube-state-metrics-86b584b658-f54lw,19283968
2026-10-10T12:51:04.001Z,kube-state-metrics,monitoring,monitoring-kube-state-metrics-86b584b658-f54lw,19283968
2026-10-10T12:51:19.001Z,kube-state-metrics,monitoring,monitoring-kube-state-metrics-86b584b658-f54lw,19283968
2026-10-10T12:51:34.001Z,kube-state-metrics,monitoring,monitoring-kube-state-metrics-86b584b658-f54lw,19283968
2026-10-10T12:51:49.001Z,kube-state-metrics,monitoring,monitoring-kube-state-metrics-86b584b658-f54lw,19550208
2026-10-10T12:52:04.001Z,kube-state-metrics,monitoring,monitoring-kube-state-metrics-86b584b658-f54lw,19288064
2026-10-10T12:52:19.001Z,kube-state-metrics,monitoring,monitoring-kube-state-metrics-86b584b658-f54lw,19283968
2026-10-10T12:52:34.001Z,kube-state-metrics,monitoring,monitoring-kube-state-metrics-86b584b658-f54lw,19283968
2026-10-10T12:52:49.001Z,kube-state-metrics,monitoring,monitoring-kube-state-metrics-86b584b658-f54lw,19546112
2026-10-10T12:53:04.001Z,kube-state-metrics,monitoring,monitoring-kube-state-metrics-86b584b658-f54lw,19283968
2026-10-10T12:53:19.001Z,kube-state-metrics,monitoring,monitoring-kube-state-metrics-86b584b658-f54lw,19292160
2026-10-10T12:53:34.001Z,kube-state-metrics,monitoring,monitoring-kube-state-metrics-86b584b658-f54lw,20074496
2026-10-10T12:53:49.001Z,kube-state-metrics,monitoring,monitoring-kube-state-metrics-86b584b658-f54lw,19554304
2026-10-10T12:54:04.001Z,kube-state-metrics,monitoring,monitoring-kube-state-metrics-86b584b658-f54lw,19292160
2026-10-10T12:54:19.001Z,kube-state-metrics,monitoring,monitoring-kube-state-metrics-86b584b658-f54lw,19292160
2026-10-10T12:54:34.001Z,kube-state-metrics,monitoring,monitoring-kube-state-metrics-86b584b658-f54lw,19292160
2026-10-10T12:54:49.001Z,kube-state-metrics,monitoring,monitoring-kube-state-metrics-86b584b658-f54lw,19558400
2026-10-10T12:55:04.001Z,kube-state-metrics,monitoring,monitoring-kube-state-metrics-86b584b658-f54lw,19296256
2026-10-10T12:55:19.001Z,kube-state-metrics,monitoring,monitoring-kube-state-metrics-86b584b658-f54lw,19554304
2026-10-10T12:55:34.001Z,kube-state-metrics,monitoring,monitoring-kube-state-metrics-86b584b658-f54lw,19296256
2026-10-10T12:55:49.001Z,kube-state-metrics,monitoring,monitoring-kube-state-metrics-86b584b658-f54lw,20086784
2026-10-10T12:56:04.001Z,kube-state-metrics,monitoring,monitoring-kube-state-metrics-86b584b658-f54lw,19300352
2026-10-10T12:56:19.001Z,kube-state-metrics,monitoring,monitoring-kube-state-metrics-86b584b658-f54lw,19562496
2026-10-10T12:56:34.001Z,kube-state-metrics,monitoring,monitoring-kube-state-metrics-86b584b658-f54lw,19562496
2026-10-10T12:56:49.001Z,kube-state-metrics,monitoring,monitoring-kube-state-metrics-86b584b658-f54lw,19300352
2026-10-10T12:57:04.001Z,kube-state-metrics,monitoring,monitoring-kube-state-metrics-86b584b658-f54lw,19304448
2026-10-10T12:57:19.001Z,kube-state-metrics,monitoring,monitoring-kube-state-metrics-86b584b658-f54lw,19308544
2026-10-10T12:22:49.001Z,local-path-provisioner,kube-system,local-path-provisioner-6858d854cf-z9jpl,9789440
2026-10-10T12:23:04.001Z,local-path-provisioner,kube-system,local-path-provisioner-6858d854cf-z9jpl,9793536
2026-10-10T12:23:19.001Z,local-path-provisioner,kube-system,local-path-provisioner-6858d854cf-z9jpl,9793536
2026-10-10T12:23:34.001Z,local-path-provisioner,kube-system,local-path-provisioner-6858d854cf-z9jpl,9789440
2026-10-10T12:23:49.001Z,local-path-provisioner,kube-system,local-path-provisioner-6858d854cf-z9jpl,9789440
2026-10-10T12:24:04.001Z,local-path-provisioner,kube-system,local-path-provisioner-6858d854cf-z9jpl,9789440
2026-10-10T12:24:19.001Z,local-path-provisioner,kube-system,local-path-provisioner-6858d854cf-z9jpl,9789440
2026-10-10T12:24:34.001Z,local-path-provisioner,kube-system,local-path-provisioner-6858d854cf-z9jpl,9789440
2026-10-10T12:24:49.001Z,local-path-provisioner,kube-system,local-path-provisioner-6858d854cf-z9jpl,9789440
2026-10-10T12:25:04.001Z,local-path-provisioner,kube-system,local-path-provisioner-6858d854cf-z9jpl,9789440
2026-10-10T12:25:19.001Z,local-path-provisioner,kube-system,local-path-provisioner-6858d854cf-z9jpl,9789440
2026-10-10T12:25:34.001Z,local-path-provisioner,kube-system,local-path-provisioner-6858d854cf-z9jpl,9789440
2026-10-10T12:25:49.001Z,local-path-provisioner,kube-system,local-path-provisioner-6858d854cf-z9jpl,9789440
2026-10-10T12:26:04.001Z,local-path-provisioner,kube-system,local-path-provisioner-6858d854cf-z9jpl,9789440
2026-10-10T12:26:19.001Z,local-path-provisioner,kube-system,local-path-provisioner-6858d854cf-z9jpl,9789440
2026-10-10T12:26:34.001Z,local-path-provisioner,kube-system,local-path-provisioner-6858d854cf-z9jpl,9789440
2026-10-10T12:26:49.001Z,local-path-provisioner,kube-system,local-path-provisioner-6858d854cf-z9jpl,9789440
2026-10-10T12:27:04.001Z,local-path-provisioner,kube-system,local-path-provisioner-6858d854cf-z9jpl,9789440
2026-10-10T12:27:19.001Z,local-path-provisioner,kube-system,local-path-provisioner-6858d854cf-z9jpl,9793536
2026-10-10T12:27:34.001Z,local-path-provisioner,kube-system,local-path-provisioner-6858d854cf-z9jpl,9789440
2026-10-10T12:27:49.001Z,local-path-provisioner,kube-system,local-path-provisioner-6858d854cf-z9jpl,9789440
2026-10-10T12:28:04.001Z,local-path-provisioner,kube-system,local-path-provisioner-6858d854cf-z9jpl,9793536
2026-10-10T12:28:19.001Z,local-path-provisioner,kube-system,local-path-provisioner-6858d854cf-z9jpl,9793536
2026-10-10T12:28:34.001Z,local-path-provisioner,kube-system,local-path-provisioner-6858d854cf-z9jpl,9789440
2026-10-10T12:28:49.001Z,local-path-provisioner,kube-system,local-path-provisioner-6858d854cf-z9jpl,9793536
2026-10-10T12:29:04.001Z,local-path-provisioner,kube-system,local-path-provisioner-6858d854cf-z9jpl,9793536
2026-10-10T12:29:19.001Z,local-path-provisioner,kube-system,local-path-provisioner-6858d854cf-z9jpl,9789440
2026-10-10T12:29:34.001Z,local-path-provisioner,kube-system,local-path-provisioner-6858d854cf-z9jpl,9789440
2026-10-10T12:29:49.001Z,local-path-provisioner,kube-system,local-path-provisioner-6858d854cf-z9jpl,9789440
2026-10-10T12:30:04.001Z,local-path-provisioner,kube-system,local-path-provisioner-6858d854cf-z9jpl,9789440
2026-10-10T12:30:19.001Z,local-path-provisioner,kube-system,local-path-provisioner-6858d854cf-z9jpl,9789440
2026-10-10T12:30:34.001Z,local-path-provisioner,kube-system,local-path-provisioner-6858d854cf-z9jpl,9789440
2026-10-10T12:30:49.001Z,local-path-provisioner,kube-system,local-path-provisioner-6858d854cf-z9jpl,9789440
2026-10-10T12:31:04.001Z,local-path-provisioner,kube-system,local-path-provisioner-6858d854cf-z9jpl,9789440
2026-10-10T12:31:19.001Z,local-path-provisioner,kube-system,local-path-provisioner-6858d854cf-z9jpl,9789440
2026-10-10T12:31:34.001Z,local-path-provisioner,kube-system,local-path-provisioner-6858d854cf-z9jpl,9789440
2026-10-10T12:31:49.001Z,local-path-provisioner,kube-system,local-path-provisioner-6858d854cf-z9jpl,9789440
2026-10-10T12:32:04.001Z,local-path-provisioner,kube-system,local-path-provisioner-6858d854cf-z9jpl,9789440
2026-10-10T12:32:19.001Z,local-path-provisioner,kube-system,local-path-provisioner-6858d854cf-z9jpl,9797632
2026-10-10T12:32:34.001Z,local-path-provisioner,kube-system,local-path-provisioner-6858d854cf-z9jpl,9789440
2026-10-10T12:32:49.001Z,local-path-provisioner,kube-system,local-path-provisioner-6858d854cf-z9jpl,9789440
2026-10-10T12:33:04.001Z,local-path-provisioner,kube-system,local-path-provisioner-6858d854cf-z9jpl,9789440
2026-10-10T12:33:19.001Z,local-path-provisioner,kube-system,local-path-provisioner-6858d854cf-z9jpl,9789440
2026-10-10T12:33:34.001Z,local-path-provisioner,kube-system,local-path-provisioner-6858d854cf-z9jpl,9793536
2026-10-10T12:33:49.001Z,local-path-provisioner,kube-system,local-path-provisioner-6858d854cf-z9jpl,9789440
2026-10-10T12:34:04.001Z,local-path-provisioner,kube-system,local-path-provisioner-6858d854cf-z9jpl,9793536
2026-10-10T12:34:19.001Z,local-path-provisioner,kube-system,local-path-provisioner-6858d854cf-z9jpl,9789440
2026-10-10T12:34:34.001Z,local-path-provisioner,kube-system,local-path-provisioner-6858d854cf-z9jpl,9789440
2026-10-10T12:34:49.001Z,local-path-provisioner,kube-system,local-path-provisioner-6858d854cf-z9jpl,9789440
2026-10-10T12:35:04.001Z,local-path-provisioner,kube-system,local-path-provisioner-6858d854cf-z9jpl,9793536
2026-10-10T12:35:19.001Z,local-path-provisioner,kube-system,local-path-provisioner-6858d854cf-z9jpl,9793536
2026-10-10T12:35:34.001Z,local-path-provisioner,kube-system,local-path-provisioner-6858d854cf-z9jpl,9789440
2026-10-10T12:35:49.001Z,local-path-provisioner,kube-system,local-path-provisioner-6858d854cf-z9jpl,9789440
2026-10-10T12:36:04.001Z,local-path-provisioner,kube-system,local-path-provisioner-6858d854cf-z9jpl,9789440
2026-10-10T12:36:19.001Z,local-path-provisioner,kube-system,local-path-provisioner-6858d854cf-z9jpl,9797632
2026-10-10T12:36:34.001Z,local-path-provisioner,kube-system,local-path-provisioner-6858d854cf-z9jpl,9789440
2026-10-10T12:36:49.001Z,local-path-provisioner,kube-system,local-path-provisioner-6858d854cf-z9jpl,9789440
2026-10-10T12:37:04.001Z,local-path-provisioner,kube-system,local-path-provisioner-6858d854cf-z9jpl,9789440
2026-10-10T12:37:19.001Z,local-path-provisioner,kube-system,local-path-provisioner-6858d854cf-z9jpl,9789440
2026-10-10T12:37:34.001Z,local-path-provisioner,kube-system,local-path-provisioner-6858d854cf-z9jpl,9793536
2026-10-10T12:37:49.001Z,local-path-provisioner,kube-system,local-path-provisioner-6858d854cf-z9jpl,9793536
2026-10-10T12:38:04.001Z,local-path-provisioner,kube-system,local-path-provisioner-6858d854cf-z9jpl,9797632
2026-10-10T12:38:19.001Z,local-path-provisioner,kube-system,local-path-provisioner-6858d854cf-z9jpl,10051584
2026-10-10T12:38:34.001Z,local-path-provisioner,kube-system,local-path-provisioner-6858d854cf-z9jpl,9789440
2026-10-10T12:38:49.001Z,local-path-provisioner,kube-system,local-path-provisioner-6858d854cf-z9jpl,9789440
2026-10-10T12:39:04.001Z,local-path-provisioner,kube-system,local-path-provisioner-6858d854cf-z9jpl,9789440
2026-10-10T12:39:19.001Z,local-path-provisioner,kube-system,local-path-provisioner-6858d854cf-z9jpl,9789440
2026-10-10T12:39:34.001Z,local-path-provisioner,kube-system,local-path-provisioner-6858d854cf-z9jpl,9793536
2026-10-10T12:39:49.001Z,local-path-provisioner,kube-system,local-path-provisioner-6858d854cf-z9jpl,9793536
2026-10-10T12:40:04.001Z,local-path-provisioner,kube-system,local-path-provisioner-6858d854cf-z9jpl,9793536
2026-10-10T12:40:19.001Z,local-path-provisioner,kube-system,local-path-provisioner-6858d854cf-z9jpl,10063872
2026-10-10T12:40:34.001Z,local-path-provisioner,kube-system,local-path-provisioner-6858d854cf-z9jpl,9797632
2026-10-10T12:40:49.001Z,local-path-provisioner,kube-system,local-path-provisioner-6858d854cf-z9jpl,9797632
2026-10-10T12:41:04.001Z,local-path-provisioner,kube-system,local-path-provisioner-6858d854cf-z9jpl,9797632
2026-10-10T12:41:19.001Z,local-path-provisioner,kube-system,local-path-provisioner-6858d854cf-z9jpl,9793536
2026-10-10T12:41:34.001Z,local-path-provisioner,kube-system,local-path-provisioner-6858d854cf-z9jpl,10055680
2026-10-10T12:41:49.001Z,local-path-provisioner,kube-system,local-path-provisioner-6858d854cf-z9jpl,9793536
2026-10-10T12:42:04.001Z,local-path-provisioner,kube-system,local-path-provisioner-6858d854cf-z9jpl,9793536
2026-10-10T12:42:19.001Z,local-path-provisioner,kube-system,local-path-provisioner-6858d854cf-z9jpl,9801728
2026-10-10T12:42:34.001Z,local-path-provisioner,kube-system,local-path-provisioner-6858d854cf-z9jpl,9793536
2026-10-10T12:42:49.001Z,local-path-provisioner,kube-system,local-path-provisioner-6858d854cf-z9jpl,9793536
2026-10-10T12:43:04.001Z,local-path-provisioner,kube-system,local-path-provisioner-6858d854cf-z9jpl,9793536
2026-10-10T12:43:19.001Z,local-path-provisioner,kube-system,local-path-provisioner-6858d854cf-z9jpl,9793536
2026-10-10T12:43:34.001Z,local-path-provisioner,kube-system,local-path-provisioner-6858d854cf-z9jpl,9793536
2026-10-10T12:43:49.001Z,local-path-provisioner,kube-system,local-path-provisioner-6858d854cf-z9jpl,9793536
2026-10-10T12:44:04.001Z,local-path-provisioner,kube-system,local-path-provisioner-6858d854cf-z9jpl,9793536
2026-10-10T12:44:19.001Z,local-path-provisioner,kube-system,local-path-provisioner-6858d854cf-z9jpl,9801728
2026-10-10T12:44:34.001Z,local-path-provisioner,kube-system,local-path-provisioner-6858d854cf-z9jpl,9793536
2026-10-10T12:44:49.001Z,local-path-provisioner,kube-system,local-path-provisioner-6858d854cf-z9jpl,9793536
2026-10-10T12:45:04.001Z,local-path-provisioner,kube-system,local-path-provisioner-6858d854cf-z9jpl,9797632
2026-10-10T12:45:19.001Z,local-path-provisioner,kube-system,local-path-provisioner-6858d854cf-z9jpl,9797632
2026-10-10T12:45:34.001Z,local-path-provisioner,kube-system,local-path-provisioner-6858d854cf-z9jpl,9797632
2026-10-10T12:45:49.001Z,local-path-provisioner,kube-system,local-path-provisioner-6858d854cf-z9jpl,9793536
2026-10-10T12:46:04.001Z,local-path-provisioner,kube-system,local-path-provisioner-6858d854cf-z9jpl,9793536
2026-10-10T12:46:19.001Z,local-path-provisioner,kube-system,local-path-provisioner-6858d854cf-z9jpl,9793536
2026-10-10T12:46:34.001Z,local-path-provisioner,kube-system,local-path-provisioner-6858d854cf-z9jpl,9793536
2026-10-10T12:46:49.001Z,local-path-provisioner,kube-system,local-path-provisioner-6858d854cf-z9jpl,9797632
2026-10-10T12:47:04.001Z,local-path-provisioner,kube-system,local-path-provisioner-6858d854cf-z9jpl,9797632
2026-10-10T12:47:19.001Z,local-path-provisioner,kube-system,local-path-provisioner-6858d854cf-z9jpl,9797632
2026-10-10T12:47:34.001Z,local-path-provisioner,kube-system,local-path-provisioner-6858d854cf-z9jpl,9797632
2026-10-10T12:47:49.001Z,local-path-provisioner,kube-system,local-path-provisioner-6858d854cf-z9jpl,9793536
2026-10-10T12:48:04.001Z,local-path-provisioner,kube-system,local-path-provisioner-6858d854cf-z9jpl,9797632
2026-10-10T12:48:19.001Z,local-path-provisioner,kube-system,local-path-provisioner-6858d854cf-z9jpl,9797632
2026-10-10T12:48:34.001Z,local-path-provisioner,kube-system,local-path-provisioner-6858d854cf-z9jpl,9797632
2026-10-10T12:48:49.001Z,local-path-provisioner,kube-system,local-path-provisioner-6858d854cf-z9jpl,9793536
2026-10-10T12:49:04.001Z,local-path-provisioner,kube-system,local-path-provisioner-6858d854cf-z9jpl,9793536
2026-10-10T12:49:19.001Z,local-path-provisioner,kube-system,local-path-provisioner-6858d854cf-z9jpl,9793536
2026-10-10T12:49:34.001Z,local-path-provisioner,kube-system,local-path-provisioner-6858d854cf-z9jpl,9793536
2026-10-10T12:49:49.001Z,local-path-provisioner,kube-system,local-path-provisioner-6858d854cf-z9jpl,9793536
2026-10-10T12:50:04.001Z,local-path-provisioner,kube-system,local-path-provisioner-6858d854cf-z9jpl,9797632
2026-10-10T12:50:19.001Z,local-path-provisioner,kube-system,local-path-provisioner-6858d854cf-z9jpl,9797632
2026-10-10T12:50:34.001Z,local-path-provisioner,kube-system,local-path-provisioner-6858d854cf-z9jpl,9797632
2026-10-10T12:50:49.001Z,local-path-provisioner,kube-system,local-path-provisioner-6858d854cf-z9jpl,9797632
2026-10-10T12:51:04.001Z,local-path-provisioner,kube-system,local-path-provisioner-6858d854cf-z9jpl,9797632
2026-10-10T12:51:19.001Z,local-path-provisioner,kube-system,local-path-provisioner-6858d854cf-z9jpl,9793536
2026-10-10T12:51:34.001Z,local-path-provisioner,kube-system,local-path-provisioner-6858d854cf-z9jpl,10055680
2026-10-10T12:51:49.001Z,local-path-provisioner,kube-system,local-path-provisioner-6858d854cf-z9jpl,9793536
2026-10-10T12:52:04.001Z,local-path-provisioner,kube-system,local-path-provisioner-6858d854cf-z9jpl,9793536
2026-10-10T12:52:19.001Z,local-path-provisioner,kube-system,local-path-provisioner-6858d854cf-z9jpl,9793536
2026-10-10T12:52:34.001Z,local-path-provisioner,kube-system,local-path-provisioner-6858d854cf-z9jpl,9801728
2026-10-10T12:52:49.001Z,local-path-provisioner,kube-system,local-path-provisioner-6858d854cf-z9jpl,9793536
2026-10-10T12:53:04.001Z,local-path-provisioner,kube-system,local-path-provisioner-6858d854cf-z9jpl,9793536
2026-10-10T12:53:19.001Z,local-path-provisioner,kube-system,local-path-provisioner-6858d854cf-z9jpl,9793536
2026-10-10T12:53:34.001Z,local-path-provisioner,kube-system,local-path-provisioner-6858d854cf-z9jpl,9793536
2026-10-10T12:53:49.001Z,local-path-provisioner,kube-system,local-path-provisioner-6858d854cf-z9jpl,9797632
2026-10-10T12:54:04.001Z,local-path-provisioner,kube-system,local-path-provisioner-6858d854cf-z9jpl,9793536
2026-10-10T12:54:19.001Z,local-path-provisioner,kube-system,local-path-provisioner-6858d854cf-z9jpl,9793536
2026-10-10T12:54:34.001Z,local-path-provisioner,kube-system,local-path-provisioner-6858d854cf-z9jpl,9801728
2026-10-10T12:54:49.001Z,local-path-provisioner,kube-system,local-path-provisioner-6858d854cf-z9jpl,9801728
2026-10-10T12:55:04.001Z,local-path-provisioner,kube-system,local-path-provisioner-6858d854cf-z9jpl,9793536
2026-10-10T12:55:19.001Z,local-path-provisioner,kube-system,local-path-provisioner-6858d854cf-z9jpl,9793536
2026-10-10T12:55:34.001Z,local-path-provisioner,kube-system,local-path-provisioner-6858d854cf-z9jpl,9797632
2026-10-10T12:55:49.001Z,local-path-provisioner,kube-system,local-path-provisioner-6858d854cf-z9jpl,9793536
2026-10-10T12:56:04.001Z,local-path-provisioner,kube-system,local-path-provisioner-6858d854cf-z9jpl,9793536
2026-10-10T12:56:19.001Z,local-path-provisioner,kube-system,local-path-provisioner-6858d854cf-z9jpl,9793536
2026-10-10T12:56:34.001Z,local-path-provisioner,kube-system,local-path-provisioner-6858d854cf-z9jpl,9793536
2026-10-10T12:56:49.001Z,local-path-provisioner,kube-system,local-path-provisioner-6858d854cf-z9jpl,9797632
2026-10-10T12:57:04.001Z,local-path-provisioner,kube-system,local-path-provisioner-6858d854cf-z9jpl,9793536
2026-10-10T12:57:19.001Z,local-path-provisioner,kube-system,local-path-provisioner-6858d854cf-z9jpl,9793536
2026-10-10T12:22:49.001Z,loki,logging,loki-0,90202112
2026-10-10T12:23:04.001Z,loki,logging,loki-0,90202112
2026-10-10T12:23:19.001Z,loki,logging,loki-0,88993792
2026-10-10T12:23:34.001Z,loki,logging,loki-0,88997888
2026-10-10T12:23:49.001Z,loki,logging,loki-0,89001984
2026-10-10T12:24:04.001Z,loki,logging,loki-0,89776128
2026-10-10T12:24:19.001Z,loki,logging,loki-0,89300992
2026-10-10T12:24:34.001Z,loki,logging,loki-0,90038272
2026-10-10T12:24:49.001Z,loki,logging,loki-0,89341952
2026-10-10T12:25:04.001Z,loki,logging,loki-0,89079808
2026-10-10T12:25:19.001Z,loki,logging,loki-0,88555520
2026-10-10T12:25:34.001Z,loki,logging,loki-0,88297472
2026-10-10T12:25:49.001Z,loki,logging,loki-0,88850432
2026-10-10T12:26:04.001Z,loki,logging,loki-0,88584192
2026-10-10T12:26:19.001Z,loki,logging,loki-0,88854528
2026-10-10T12:26:34.001Z,loki,logging,loki-0,90439680
2026-10-10T12:26:49.001Z,loki,logging,loki-0,90439680
2026-10-10T12:27:04.001Z,loki,logging,loki-0,89407488
2026-10-10T12:27:19.001Z,loki,logging,loki-0,89952256
2026-10-10T12:27:34.001Z,loki,logging,loki-0,89698304
2026-10-10T12:27:49.001Z,loki,logging,loki-0,89186304
2026-10-10T12:28:04.001Z,loki,logging,loki-0,89714688
2026-10-10T12:28:19.001Z,loki,logging,loki-0,89636864
2026-10-10T12:28:34.001Z,loki,logging,loki-0,89882624
2026-10-10T12:28:49.001Z,loki,logging,loki-0,89378816
2026-10-10T12:29:04.001Z,loki,logging,loki-0,89124864
2026-10-10T12:29:19.001Z,loki,logging,loki-0,89124864
2026-10-10T12:29:34.001Z,loki,logging,loki-0,90169344
2026-10-10T12:29:49.001Z,loki,logging,loki-0,90169344
2026-10-10T12:30:04.001Z,loki,logging,loki-0,89919488
2026-10-10T12:30:19.001Z,loki,logging,loki-0,90972160
2026-10-10T12:30:34.001Z,loki,logging,loki-0,90193920
2026-10-10T12:30:49.001Z,loki,logging,loki-0,92848128
2026-10-10T12:31:04.001Z,loki,logging,loki-0,91045888
2026-10-10T12:31:19.001Z,loki,logging,loki-0,92012544
2026-10-10T12:31:34.001Z,loki,logging,loki-0,91766784
2026-10-10T12:31:49.001Z,loki,logging,loki-0,93106176
2026-10-10T12:32:04.001Z,loki,logging,loki-0,93876224
2026-10-10T12:32:19.001Z,loki,logging,loki-0,93880320
2026-10-10T12:32:34.001Z,loki,logging,loki-0,94154752
2026-10-10T12:32:49.001Z,loki,logging,loki-0,92758016
2026-10-10T12:33:04.001Z,loki,logging,loki-0,92803072
2026-10-10T12:33:19.001Z,loki,logging,loki-0,93523968
2026-10-10T12:33:34.001Z,loki,logging,loki-0,91963392
2026-10-10T12:33:49.001Z,loki,logging,loki-0,112975872
2026-10-10T12:34:04.001Z,loki,logging,loki-0,112975872
2026-10-10T12:34:19.001Z,loki,logging,loki-0,113938432
2026-10-10T12:34:34.001Z,loki,logging,loki-0,113672192
2026-10-10T12:34:49.001Z,loki,logging,loki-0,113680384
2026-10-10T12:35:04.001Z,loki,logging,loki-0,114188288
2026-10-10T12:35:19.001Z,loki,logging,loki-0,113418240
2026-10-10T12:35:34.001Z,loki,logging,loki-0,114200576
2026-10-10T12:35:49.001Z,loki,logging,loki-0,114413568
2026-10-10T12:36:04.001Z,loki,logging,loki-0,117288960
2026-10-10T12:36:19.001Z,loki,logging,loki-0,99799040
2026-10-10T12:36:34.001Z,loki,logging,loki-0,100093952
2026-10-10T12:36:49.001Z,loki,logging,loki-0,101216256
2026-10-10T12:37:04.001Z,loki,logging,loki-0,101482496
2026-10-10T12:37:19.001Z,loki,logging,loki-0,102535168
2026-10-10T12:37:34.001Z,loki,logging,loki-0,101486592
2026-10-10T12:37:49.001Z,loki,logging,loki-0,102035456
2026-10-10T12:38:04.001Z,loki,logging,loki-0,102785024
2026-10-10T12:38:19.001Z,loki,logging,loki-0,102055936
2026-10-10T12:38:34.001Z,loki,logging,loki-0,102076416
2026-10-10T12:38:49.001Z,loki,logging,loki-0,105336832
2026-10-10T12:39:04.001Z,loki,logging,loki-0,105340928
2026-10-10T12:39:19.001Z,loki,logging,loki-0,106389504
2026-10-10T12:39:34.001Z,loki,logging,loki-0,106651648
2026-10-10T12:39:49.001Z,loki,logging,loki-0,105345024
2026-10-10T12:40:04.001Z,loki,logging,loki-0,105615360
2026-10-10T12:40:19.001Z,loki,logging,loki-0,105615360
2026-10-10T12:40:34.001Z,loki,logging,loki-0,106393600
2026-10-10T12:40:49.001Z,loki,logging,loki-0,105365504
2026-10-10T12:41:04.001Z,loki,logging,loki-0,106377216
2026-10-10T12:41:19.001Z,loki,logging,loki-0,105635840
2026-10-10T12:41:34.001Z,loki,logging,loki-0,106536960
2026-10-10T12:41:49.001Z,loki,logging,loki-0,106799104
2026-10-10T12:42:04.001Z,loki,logging,loki-0,106536960
2026-10-10T12:42:19.001Z,loki,logging,loki-0,103882752
2026-10-10T12:42:34.001Z,loki,logging,loki-0,105549824
2026-10-10T12:42:49.001Z,loki,logging,loki-0,105549824
2026-10-10T12:43:04.001Z,loki,logging,loki-0,128688128
2026-10-10T12:43:19.001Z,loki,logging,loki-0,132341760
2026-10-10T12:43:34.001Z,loki,logging,loki-0,134352896
2026-10-10T12:43:49.001Z,loki,logging,loki-0,133550080
2026-10-10T12:44:04.001Z,loki,logging,loki-0,134275072
2026-10-10T12:44:19.001Z,loki,logging,loki-0,126136320
2026-10-10T12:44:34.001Z,loki,logging,loki-0,126291968
2026-10-10T12:44:49.001Z,loki,logging,loki-0,127459328
2026-10-10T12:45:04.001Z,loki,logging,loki-0,127426560
2026-10-10T12:45:19.001Z,loki,logging,loki-0,128925696
2026-10-10T12:45:34.001Z,loki,logging,loki-0,128925696
2026-10-10T12:45:49.001Z,loki,logging,loki-0,133763072
2026-10-10T12:46:04.001Z,loki,logging,loki-0,138608640
2026-10-10T12:46:19.001Z,loki,logging,loki-0,138113024
2026-10-10T12:46:34.001Z,loki,logging,loki-0,130682880
2026-10-10T12:46:49.001Z,loki,logging,loki-0,130867200
2026-10-10T12:47:04.001Z,loki,logging,loki-0,130867200
2026-10-10T12:47:19.001Z,loki,logging,loki-0,133758976
2026-10-10T12:47:34.001Z,loki,logging,loki-0,134709248
2026-10-10T12:47:49.001Z,loki,logging,loki-0,133574656
2026-10-10T12:48:04.001Z,loki,logging,loki-0,132800512
2026-10-10T12:48:19.001Z,loki,logging,loki-0,133922816
2026-10-10T12:48:34.001Z,loki,logging,loki-0,133922816
2026-10-10T12:48:49.001Z,loki,logging,loki-0,132214784
2026-10-10T12:49:04.001Z,loki,logging,loki-0,133316608
2026-10-10T12:49:19.001Z,loki,logging,loki-0,132136960
2026-10-10T12:49:34.001Z,loki,logging,loki-0,132694016
2026-10-10T12:49:49.001Z,loki,logging,loki-0,132419584
2026-10-10T12:50:04.001Z,loki,logging,loki-0,132845568
2026-10-10T12:50:19.001Z,loki,logging,loki-0,132845568
2026-10-10T12:50:34.001Z,loki,logging,loki-0,135176192
2026-10-10T12:50:49.001Z,loki,logging,loki-0,135176192
2026-10-10T12:51:04.001Z,loki,logging,loki-0,134926336
2026-10-10T12:51:19.001Z,loki,logging,loki-0,134926336
2026-10-10T12:51:34.001Z,loki,logging,loki-0,132788224
2026-10-10T12:51:49.001Z,loki,logging,loki-0,134270976
2026-10-10T12:52:04.001Z,loki,logging,loki-0,133730304
2026-10-10T12:52:19.001Z,loki,logging,loki-0,133988352
2026-10-10T12:52:34.001Z,loki,logging,loki-0,138252288
2026-10-10T12:52:49.001Z,loki,logging,loki-0,138530816
2026-10-10T12:53:04.001Z,loki,logging,loki-0,138539008
2026-10-10T12:53:19.001Z,loki,logging,loki-0,135204864
2026-10-10T12:53:34.001Z,loki,logging,loki-0,136015872
2026-10-10T12:53:49.001Z,loki,logging,loki-0,135430144
2026-10-10T12:54:04.001Z,loki,logging,loki-0,138403840
2026-10-10T12:54:19.001Z,loki,logging,loki-0,137814016
2026-10-10T12:54:34.001Z,loki,logging,loki-0,137297920
2026-10-10T12:54:49.001Z,loki,logging,loki-0,137846784
2026-10-10T12:55:04.001Z,loki,logging,loki-0,137564160
2026-10-10T12:55:19.001Z,loki,logging,loki-0,141508608
2026-10-10T12:55:34.001Z,loki,logging,loki-0,140955648
2026-10-10T12:55:49.001Z,loki,logging,loki-0,141258752
2026-10-10T12:56:04.001Z,loki,logging,loki-0,141029376
2026-10-10T12:56:19.001Z,loki,logging,loki-0,141316096
2026-10-10T12:56:34.001Z,loki,logging,loki-0,145006592
2026-10-10T12:56:49.001Z,loki,logging,loki-0,145084416
2026-10-10T12:57:04.001Z,loki,logging,loki-0,145084416
2026-10-10T12:57:19.001Z,loki,logging,loki-0,145289216
2026-10-10T12:22:49.001Z,manager,k6-operator,k6-operator-controller-manager-7c45b488b8-kcmcn,15904768
2026-10-10T12:23:04.001Z,manager,k6-operator,k6-operator-controller-manager-7c45b488b8-kcmcn,16093184
2026-10-10T12:23:19.001Z,manager,k6-operator,k6-operator-controller-manager-7c45b488b8-kcmcn,16097280
2026-10-10T12:23:34.001Z,manager,k6-operator,k6-operator-controller-manager-7c45b488b8-kcmcn,15577088
2026-10-10T12:23:49.001Z,manager,k6-operator,k6-operator-controller-manager-7c45b488b8-kcmcn,15572992
2026-10-10T12:24:04.001Z,manager,k6-operator,k6-operator-controller-manager-7c45b488b8-kcmcn,15572992
2026-10-10T12:24:19.001Z,manager,k6-operator,k6-operator-controller-manager-7c45b488b8-kcmcn,16101376
2026-10-10T12:24:34.001Z,manager,k6-operator,k6-operator-controller-manager-7c45b488b8-kcmcn,15568896
2026-10-10T12:24:49.001Z,manager,k6-operator,k6-operator-controller-manager-7c45b488b8-kcmcn,15138816
2026-10-10T12:25:04.001Z,manager,k6-operator,k6-operator-controller-manager-7c45b488b8-kcmcn,15142912
2026-10-10T12:25:19.001Z,manager,k6-operator,k6-operator-controller-manager-7c45b488b8-kcmcn,15392768
2026-10-10T12:25:34.001Z,manager,k6-operator,k6-operator-controller-manager-7c45b488b8-kcmcn,15147008
2026-10-10T12:25:49.001Z,manager,k6-operator,k6-operator-controller-manager-7c45b488b8-kcmcn,15134720
2026-10-10T12:26:04.001Z,manager,k6-operator,k6-operator-controller-manager-7c45b488b8-kcmcn,15134720
2026-10-10T12:26:19.001Z,manager,k6-operator,k6-operator-controller-manager-7c45b488b8-kcmcn,15921152
2026-10-10T12:26:34.001Z,manager,k6-operator,k6-operator-controller-manager-7c45b488b8-kcmcn,15134720
2026-10-10T12:26:49.001Z,manager,k6-operator,k6-operator-controller-manager-7c45b488b8-kcmcn,14848000
2026-10-10T12:27:04.001Z,manager,k6-operator,k6-operator-controller-manager-7c45b488b8-kcmcn,14848000
2026-10-10T12:27:19.001Z,manager,k6-operator,k6-operator-controller-manager-7c45b488b8-kcmcn,14848000
2026-10-10T12:27:34.001Z,manager,k6-operator,k6-operator-controller-manager-7c45b488b8-kcmcn,14589952
2026-10-10T12:27:49.001Z,manager,k6-operator,k6-operator-controller-manager-7c45b488b8-kcmcn,15110144
2026-10-10T12:28:04.001Z,manager,k6-operator,k6-operator-controller-manager-7c45b488b8-kcmcn,14323712
2026-10-10T12:28:19.001Z,manager,k6-operator,k6-operator-controller-manager-7c45b488b8-kcmcn,14327808
2026-10-10T12:28:34.001Z,manager,k6-operator,k6-operator-controller-manager-7c45b488b8-kcmcn,14327808
2026-10-10T12:28:49.001Z,manager,k6-operator,k6-operator-controller-manager-7c45b488b8-kcmcn,14585856
2026-10-10T12:29:04.001Z,manager,k6-operator,k6-operator-controller-manager-7c45b488b8-kcmcn,14323712
2026-10-10T12:29:19.001Z,manager,k6-operator,k6-operator-controller-manager-7c45b488b8-kcmcn,14323712
2026-10-10T12:29:34.001Z,manager,k6-operator,k6-operator-controller-manager-7c45b488b8-kcmcn,14327808
2026-10-10T12:29:49.001Z,manager,k6-operator,k6-operator-controller-manager-7c45b488b8-kcmcn,14327808
2026-10-10T12:30:04.001Z,manager,k6-operator,k6-operator-controller-manager-7c45b488b8-kcmcn,14327808
2026-10-10T12:30:19.001Z,manager,k6-operator,k6-operator-controller-manager-7c45b488b8-kcmcn,14327808
2026-10-10T12:30:34.001Z,manager,k6-operator,k6-operator-controller-manager-7c45b488b8-kcmcn,14327808
2026-10-10T12:30:49.001Z,manager,k6-operator,k6-operator-controller-manager-7c45b488b8-kcmcn,14589952
2026-10-10T12:31:04.001Z,manager,k6-operator,k6-operator-controller-manager-7c45b488b8-kcmcn,14327808
2026-10-10T12:31:19.001Z,manager,k6-operator,k6-operator-controller-manager-7c45b488b8-kcmcn,14327808
2026-10-10T12:31:34.001Z,manager,k6-operator,k6-operator-controller-manager-7c45b488b8-kcmcn,14327808
2026-10-10T12:31:49.001Z,manager,k6-operator,k6-operator-controller-manager-7c45b488b8-kcmcn,14327808
2026-10-10T12:32:04.001Z,manager,k6-operator,k6-operator-controller-manager-7c45b488b8-kcmcn,14327808
2026-10-10T12:32:19.001Z,manager,k6-operator,k6-operator-controller-manager-7c45b488b8-kcmcn,14331904
2026-10-10T12:32:34.001Z,manager,k6-operator,k6-operator-controller-manager-7c45b488b8-kcmcn,14331904
2026-10-10T12:32:49.001Z,manager,k6-operator,k6-operator-controller-manager-7c45b488b8-kcmcn,14331904
2026-10-10T12:33:04.001Z,manager,k6-operator,k6-operator-controller-manager-7c45b488b8-kcmcn,14331904
2026-10-10T12:33:19.001Z,manager,k6-operator,k6-operator-controller-manager-7c45b488b8-kcmcn,14336000
2026-10-10T12:33:34.001Z,manager,k6-operator,k6-operator-controller-manager-7c45b488b8-kcmcn,14594048
2026-10-10T12:33:49.001Z,manager,k6-operator,k6-operator-controller-manager-7c45b488b8-kcmcn,14331904
2026-10-10T12:34:04.001Z,manager,k6-operator,k6-operator-controller-manager-7c45b488b8-kcmcn,14331904
2026-10-10T12:34:19.001Z,manager,k6-operator,k6-operator-controller-manager-7c45b488b8-kcmcn,14331904
2026-10-10T12:34:34.001Z,manager,k6-operator,k6-operator-controller-manager-7c45b488b8-kcmcn,14594048
2026-10-10T12:34:49.001Z,manager,k6-operator,k6-operator-controller-manager-7c45b488b8-kcmcn,14331904
2026-10-10T12:35:04.001Z,manager,k6-operator,k6-operator-controller-manager-7c45b488b8-kcmcn,14331904
2026-10-10T12:35:19.001Z,manager,k6-operator,k6-operator-controller-manager-7c45b488b8-kcmcn,14331904
2026-10-10T12:35:34.001Z,manager,k6-operator,k6-operator-controller-manager-7c45b488b8-kcmcn,14594048
2026-10-10T12:35:49.001Z,manager,k6-operator,k6-operator-controller-manager-7c45b488b8-kcmcn,14331904
2026-10-10T12:36:04.001Z,manager,k6-operator,k6-operator-controller-manager-7c45b488b8-kcmcn,14336000
2026-10-10T12:36:19.001Z,manager,k6-operator,k6-operator-controller-manager-7c45b488b8-kcmcn,14340096
2026-10-10T12:36:34.001Z,manager,k6-operator,k6-operator-controller-manager-7c45b488b8-kcmcn,14340096
2026-10-10T12:36:49.001Z,manager,k6-operator,k6-operator-controller-manager-7c45b488b8-kcmcn,14340096
2026-10-10T12:37:04.001Z,manager,k6-operator,k6-operator-controller-manager-7c45b488b8-kcmcn,14340096
2026-10-10T12:37:19.001Z,manager,k6-operator,k6-operator-controller-manager-7c45b488b8-kcmcn,14336000
2026-10-10T12:37:34.001Z,manager,k6-operator,k6-operator-controller-manager-7c45b488b8-kcmcn,14336000
2026-10-10T12:37:49.001Z,manager,k6-operator,k6-operator-controller-manager-7c45b488b8-kcmcn,14336000
2026-10-10T12:38:04.001Z,manager,k6-operator,k6-operator-controller-manager-7c45b488b8-kcmcn,14336000
2026-10-10T12:38:19.001Z,manager,k6-operator,k6-operator-controller-manager-7c45b488b8-kcmcn,14856192
2026-10-10T12:38:34.001Z,manager,k6-operator,k6-operator-controller-manager-7c45b488b8-kcmcn,14336000
2026-10-10T12:38:49.001Z,manager,k6-operator,k6-operator-controller-manager-7c45b488b8-kcmcn,14336000
2026-10-10T12:39:04.001Z,manager,k6-operator,k6-operator-controller-manager-7c45b488b8-kcmcn,14336000
2026-10-10T12:39:19.001Z,manager,k6-operator,k6-operator-controller-manager-7c45b488b8-kcmcn,14340096
2026-10-10T12:39:34.001Z,manager,k6-operator,k6-operator-controller-manager-7c45b488b8-kcmcn,14336000
2026-10-10T12:39:49.001Z,manager,k6-operator,k6-operator-controller-manager-7c45b488b8-kcmcn,14340096
2026-10-10T12:40:04.001Z,manager,k6-operator,k6-operator-controller-manager-7c45b488b8-kcmcn,14336000
2026-10-10T12:40:19.001Z,manager,k6-operator,k6-operator-controller-manager-7c45b488b8-kcmcn,14336000
2026-10-10T12:40:34.001Z,manager,k6-operator,k6-operator-controller-manager-7c45b488b8-kcmcn,14602240
2026-10-10T12:40:49.001Z,manager,k6-operator,k6-operator-controller-manager-7c45b488b8-kcmcn,14602240
2026-10-10T12:41:04.001Z,manager,k6-operator,k6-operator-controller-manager-7c45b488b8-kcmcn,14340096
2026-10-10T12:41:19.001Z,manager,k6-operator,k6-operator-controller-manager-7c45b488b8-kcmcn,14340096
2026-10-10T12:41:34.001Z,manager,k6-operator,k6-operator-controller-manager-7c45b488b8-kcmcn,14336000
2026-10-10T12:41:49.001Z,manager,k6-operator,k6-operator-controller-manager-7c45b488b8-kcmcn,14336000
2026-10-10T12:42:04.001Z,manager,k6-operator,k6-operator-controller-manager-7c45b488b8-kcmcn,14344192
2026-10-10T12:42:19.001Z,manager,k6-operator,k6-operator-controller-manager-7c45b488b8-kcmcn,14340096
2026-10-10T12:42:34.001Z,manager,k6-operator,k6-operator-controller-manager-7c45b488b8-kcmcn,14340096
2026-10-10T12:42:49.001Z,manager,k6-operator,k6-operator-controller-manager-7c45b488b8-kcmcn,14336000
2026-10-10T12:43:04.001Z,manager,k6-operator,k6-operator-controller-manager-7c45b488b8-kcmcn,14274560
2026-10-10T12:43:19.001Z,manager,k6-operator,k6-operator-controller-manager-7c45b488b8-kcmcn,14536704
2026-10-10T12:43:34.001Z,manager,k6-operator,k6-operator-controller-manager-7c45b488b8-kcmcn,14303232
2026-10-10T12:43:49.001Z,manager,k6-operator,k6-operator-controller-manager-7c45b488b8-kcmcn,14331904
2026-10-10T12:44:04.001Z,manager,k6-operator,k6-operator-controller-manager-7c45b488b8-kcmcn,14331904
2026-10-10T12:44:19.001Z,manager,k6-operator,k6-operator-controller-manager-7c45b488b8-kcmcn,14336000
2026-10-10T12:44:34.001Z,manager,k6-operator,k6-operator-controller-manager-7c45b488b8-kcmcn,14598144
2026-10-10T12:44:49.001Z,manager,k6-operator,k6-operator-controller-manager-7c45b488b8-kcmcn,14331904
2026-10-10T12:45:04.001Z,manager,k6-operator,k6-operator-controller-manager-7c45b488b8-kcmcn,14331904
2026-10-10T12:45:19.001Z,manager,k6-operator,k6-operator-controller-manager-7c45b488b8-kcmcn,14266368
2026-10-10T12:45:34.001Z,manager,k6-operator,k6-operator-controller-manager-7c45b488b8-kcmcn,14528512
2026-10-10T12:45:49.001Z,manager,k6-operator,k6-operator-controller-manager-7c45b488b8-kcmcn,14266368
2026-10-10T12:46:04.001Z,manager,k6-operator,k6-operator-controller-manager-7c45b488b8-kcmcn,14266368
2026-10-10T12:46:19.001Z,manager,k6-operator,k6-operator-controller-manager-7c45b488b8-kcmcn,14528512
2026-10-10T12:46:34.001Z,manager,k6-operator,k6-operator-controller-manager-7c45b488b8-kcmcn,14266368
2026-10-10T12:46:49.001Z,manager,k6-operator,k6-operator-controller-manager-7c45b488b8-kcmcn,14528512
2026-10-10T12:47:04.001Z,manager,k6-operator,k6-operator-controller-manager-7c45b488b8-kcmcn,14180352
2026-10-10T12:47:19.001Z,manager,k6-operator,k6-operator-controller-manager-7c45b488b8-kcmcn,14180352
2026-10-10T12:47:34.001Z,manager,k6-operator,k6-operator-controller-manager-7c45b488b8-kcmcn,14176256
2026-10-10T12:47:49.001Z,manager,k6-operator,k6-operator-controller-manager-7c45b488b8-kcmcn,14180352
2026-10-10T12:48:04.001Z,manager,k6-operator,k6-operator-controller-manager-7c45b488b8-kcmcn,14180352
2026-10-10T12:48:19.001Z,manager,k6-operator,k6-operator-controller-manager-7c45b488b8-kcmcn,14209024
2026-10-10T12:48:34.001Z,manager,k6-operator,k6-operator-controller-manager-7c45b488b8-kcmcn,14209024
2026-10-10T12:48:49.001Z,manager,k6-operator,k6-operator-controller-manager-7c45b488b8-kcmcn,14495744
2026-10-10T12:49:04.001Z,manager,k6-operator,k6-operator-controller-manager-7c45b488b8-kcmcn,14172160
2026-10-10T12:49:19.001Z,manager,k6-operator,k6-operator-controller-manager-7c45b488b8-kcmcn,14172160
2026-10-10T12:49:34.001Z,manager,k6-operator,k6-operator-controller-manager-7c45b488b8-kcmcn,14172160
2026-10-10T12:49:49.001Z,manager,k6-operator,k6-operator-controller-manager-7c45b488b8-kcmcn,14176256
2026-10-10T12:50:04.001Z,manager,k6-operator,k6-operator-controller-manager-7c45b488b8-kcmcn,14172160
2026-10-10T12:50:19.001Z,manager,k6-operator,k6-operator-controller-manager-7c45b488b8-kcmcn,14172160
2026-10-10T12:50:34.001Z,manager,k6-operator,k6-operator-controller-manager-7c45b488b8-kcmcn,14172160
2026-10-10T12:50:49.001Z,manager,k6-operator,k6-operator-controller-manager-7c45b488b8-kcmcn,14176256
2026-10-10T12:51:04.001Z,manager,k6-operator,k6-operator-controller-manager-7c45b488b8-kcmcn,14176256
2026-10-10T12:51:19.001Z,manager,k6-operator,k6-operator-controller-manager-7c45b488b8-kcmcn,14442496
2026-10-10T12:51:34.001Z,manager,k6-operator,k6-operator-controller-manager-7c45b488b8-kcmcn,14180352
2026-10-10T12:51:49.001Z,manager,k6-operator,k6-operator-controller-manager-7c45b488b8-kcmcn,14180352
2026-10-10T12:52:04.001Z,manager,k6-operator,k6-operator-controller-manager-7c45b488b8-kcmcn,14180352
2026-10-10T12:52:19.001Z,manager,k6-operator,k6-operator-controller-manager-7c45b488b8-kcmcn,14434304
2026-10-10T12:52:34.001Z,manager,k6-operator,k6-operator-controller-manager-7c45b488b8-kcmcn,14176256
2026-10-10T12:52:49.001Z,manager,k6-operator,k6-operator-controller-manager-7c45b488b8-kcmcn,14176256
2026-10-10T12:53:04.001Z,manager,k6-operator,k6-operator-controller-manager-7c45b488b8-kcmcn,14176256
2026-10-10T12:53:19.001Z,manager,k6-operator,k6-operator-controller-manager-7c45b488b8-kcmcn,14176256
2026-10-10T12:53:34.001Z,manager,k6-operator,k6-operator-controller-manager-7c45b488b8-kcmcn,14176256
2026-10-10T12:53:49.001Z,manager,k6-operator,k6-operator-controller-manager-7c45b488b8-kcmcn,14176256
2026-10-10T12:54:04.001Z,manager,k6-operator,k6-operator-controller-manager-7c45b488b8-kcmcn,14962688
2026-10-10T12:54:19.001Z,manager,k6-operator,k6-operator-controller-manager-7c45b488b8-kcmcn,14176256
2026-10-10T12:54:34.001Z,manager,k6-operator,k6-operator-controller-manager-7c45b488b8-kcmcn,14176256
2026-10-10T12:54:49.001Z,manager,k6-operator,k6-operator-controller-manager-7c45b488b8-kcmcn,14176256
2026-10-10T12:55:04.001Z,manager,k6-operator,k6-operator-controller-manager-7c45b488b8-kcmcn,14344192
2026-10-10T12:55:19.001Z,manager,k6-operator,k6-operator-controller-manager-7c45b488b8-kcmcn,14082048
2026-10-10T12:55:34.001Z,manager,k6-operator,k6-operator-controller-manager-7c45b488b8-kcmcn,14086144
2026-10-10T12:55:49.001Z,manager,k6-operator,k6-operator-controller-manager-7c45b488b8-kcmcn,14344192
2026-10-10T12:56:04.001Z,manager,k6-operator,k6-operator-controller-manager-7c45b488b8-kcmcn,14086144
2026-10-10T12:56:19.001Z,manager,k6-operator,k6-operator-controller-manager-7c45b488b8-kcmcn,14082048
2026-10-10T12:56:34.001Z,manager,k6-operator,k6-operator-controller-manager-7c45b488b8-kcmcn,14082048
2026-10-10T12:56:49.001Z,manager,k6-operator,k6-operator-controller-manager-7c45b488b8-kcmcn,14082048
2026-10-10T12:57:04.001Z,manager,k6-operator,k6-operator-controller-manager-7c45b488b8-kcmcn,14082048
2026-10-10T12:57:19.001Z,manager,k6-operator,k6-operator-controller-manager-7c45b488b8-kcmcn,14082048
2026-10-10T12:22:49.001Z,metrics-server,kube-system,metrics-server-778c4649b4-wtsqh,28958720
2026-10-10T12:23:04.001Z,metrics-server,kube-system,metrics-server-778c4649b4-wtsqh,28700672
2026-10-10T12:23:19.001Z,metrics-server,kube-system,metrics-server-778c4649b4-wtsqh,28426240
2026-10-10T12:23:34.001Z,metrics-server,kube-system,metrics-server-778c4649b4-wtsqh,29204480
2026-10-10T12:23:49.001Z,metrics-server,kube-system,metrics-server-778c4649b4-wtsqh,29204480
2026-10-10T12:24:04.001Z,metrics-server,kube-system,metrics-server-778c4649b4-wtsqh,28950528
2026-10-10T12:24:19.001Z,metrics-server,kube-system,metrics-server-778c4649b4-wtsqh,30781440
2026-10-10T12:24:34.001Z,metrics-server,kube-system,metrics-server-778c4649b4-wtsqh,28434432
2026-10-10T12:24:49.001Z,metrics-server,kube-system,metrics-server-778c4649b4-wtsqh,29208576
2026-10-10T12:25:04.001Z,metrics-server,kube-system,metrics-server-778c4649b4-wtsqh,29208576
2026-10-10T12:25:19.001Z,metrics-server,kube-system,metrics-server-778c4649b4-wtsqh,28962816
2026-10-10T12:25:34.001Z,metrics-server,kube-system,metrics-server-778c4649b4-wtsqh,29220864
2026-10-10T12:25:49.001Z,metrics-server,kube-system,metrics-server-778c4649b4-wtsqh,29188096
2026-10-10T12:26:04.001Z,metrics-server,kube-system,metrics-server-778c4649b4-wtsqh,29188096
2026-10-10T12:26:19.001Z,metrics-server,kube-system,metrics-server-778c4649b4-wtsqh,29470720
2026-10-10T12:26:34.001Z,metrics-server,kube-system,metrics-server-778c4649b4-wtsqh,28958720
2026-10-10T12:26:49.001Z,metrics-server,kube-system,metrics-server-778c4649b4-wtsqh,29491200
2026-10-10T12:27:04.001Z,metrics-server,kube-system,metrics-server-778c4649b4-wtsqh,28966912
2026-10-10T12:27:19.001Z,metrics-server,kube-system,metrics-server-778c4649b4-wtsqh,29581312
2026-10-10T12:27:34.001Z,metrics-server,kube-system,metrics-server-778c4649b4-wtsqh,29577216
2026-10-10T12:27:49.001Z,metrics-server,kube-system,metrics-server-778c4649b4-wtsqh,29327360
2026-10-10T12:28:04.001Z,metrics-server,kube-system,metrics-server-778c4649b4-wtsqh,29327360
2026-10-10T12:28:19.001Z,metrics-server,kube-system,metrics-server-778c4649b4-wtsqh,29323264
2026-10-10T12:28:34.001Z,metrics-server,kube-system,metrics-server-778c4649b4-wtsqh,29593600
2026-10-10T12:28:49.001Z,metrics-server,kube-system,metrics-server-778c4649b4-wtsqh,29147136
2026-10-10T12:29:04.001Z,metrics-server,kube-system,metrics-server-778c4649b4-wtsqh,29671424
2026-10-10T12:29:19.001Z,metrics-server,kube-system,metrics-server-778c4649b4-wtsqh,29409280
2026-10-10T12:29:34.001Z,metrics-server,kube-system,metrics-server-778c4649b4-wtsqh,28626944
2026-10-10T12:29:49.001Z,metrics-server,kube-system,metrics-server-778c4649b4-wtsqh,28368896
2026-10-10T12:30:04.001Z,metrics-server,kube-system,metrics-server-778c4649b4-wtsqh,29147136
2026-10-10T12:30:19.001Z,metrics-server,kube-system,metrics-server-778c4649b4-wtsqh,29413376
2026-10-10T12:30:34.001Z,metrics-server,kube-system,metrics-server-778c4649b4-wtsqh,28635136
2026-10-10T12:30:49.001Z,metrics-server,kube-system,metrics-server-778c4649b4-wtsqh,28372992
2026-10-10T12:31:04.001Z,metrics-server,kube-system,metrics-server-778c4649b4-wtsqh,28073984
2026-10-10T12:31:19.001Z,metrics-server,kube-system,metrics-server-778c4649b4-wtsqh,28344320
2026-10-10T12:31:34.001Z,metrics-server,kube-system,metrics-server-778c4649b4-wtsqh,28344320
2026-10-10T12:31:49.001Z,metrics-server,kube-system,metrics-server-778c4649b4-wtsqh,28082176
2026-10-10T12:32:04.001Z,metrics-server,kube-system,metrics-server-778c4649b4-wtsqh,28078080
2026-10-10T12:32:19.001Z,metrics-server,kube-system,metrics-server-778c4649b4-wtsqh,29384704
2026-10-10T12:32:34.001Z,metrics-server,kube-system,metrics-server-778c4649b4-wtsqh,28356608
2026-10-10T12:32:49.001Z,metrics-server,kube-system,metrics-server-778c4649b4-wtsqh,29143040
2026-10-10T12:33:04.001Z,metrics-server,kube-system,metrics-server-778c4649b4-wtsqh,28876800
2026-10-10T12:33:19.001Z,metrics-server,kube-system,metrics-server-778c4649b4-wtsqh,28884992
2026-10-10T12:33:34.001Z,metrics-server,kube-system,metrics-server-778c4649b4-wtsqh,28094464
2026-10-10T12:33:49.001Z,metrics-server,kube-system,metrics-server-778c4649b4-wtsqh,28344320
2026-10-10T12:34:04.001Z,metrics-server,kube-system,metrics-server-778c4649b4-wtsqh,28094464
2026-10-10T12:34:19.001Z,metrics-server,kube-system,metrics-server-778c4649b4-wtsqh,29376512
2026-10-10T12:34:34.001Z,metrics-server,kube-system,metrics-server-778c4649b4-wtsqh,28086272
2026-10-10T12:34:49.001Z,metrics-server,kube-system,metrics-server-778c4649b4-wtsqh,27983872
2026-10-10T12:35:04.001Z,metrics-server,kube-system,metrics-server-778c4649b4-wtsqh,28766208
2026-10-10T12:35:19.001Z,metrics-server,kube-system,metrics-server-778c4649b4-wtsqh,28508160
2026-10-10T12:35:34.001Z,metrics-server,kube-system,metrics-server-778c4649b4-wtsqh,27983872
2026-10-10T12:35:49.001Z,metrics-server,kube-system,metrics-server-778c4649b4-wtsqh,28508160
2026-10-10T12:36:04.001Z,metrics-server,kube-system,metrics-server-778c4649b4-wtsqh,27983872
2026-10-10T12:36:19.001Z,metrics-server,kube-system,metrics-server-778c4649b4-wtsqh,28647424
2026-10-10T12:36:34.001Z,metrics-server,kube-system,metrics-server-778c4649b4-wtsqh,28131328
2026-10-10T12:36:49.001Z,metrics-server,kube-system,metrics-server-778c4649b4-wtsqh,28917760
2026-10-10T12:37:04.001Z,metrics-server,kube-system,metrics-server-778c4649b4-wtsqh,28278784
2026-10-10T12:37:19.001Z,metrics-server,kube-system,metrics-server-778c4649b4-wtsqh,28897280
2026-10-10T12:37:34.001Z,metrics-server,kube-system,metrics-server-778c4649b4-wtsqh,28639232
2026-10-10T12:37:49.001Z,metrics-server,kube-system,metrics-server-778c4649b4-wtsqh,28647424
2026-10-10T12:38:04.001Z,metrics-server,kube-system,metrics-server-778c4649b4-wtsqh,28385280
2026-10-10T12:38:19.001Z,metrics-server,kube-system,metrics-server-778c4649b4-wtsqh,28385280
2026-10-10T12:38:34.001Z,metrics-server,kube-system,metrics-server-778c4649b4-wtsqh,28385280
2026-10-10T12:38:49.001Z,metrics-server,kube-system,metrics-server-778c4649b4-wtsqh,28413952
2026-10-10T12:39:04.001Z,metrics-server,kube-system,metrics-server-778c4649b4-wtsqh,28397568
2026-10-10T12:39:19.001Z,metrics-server,kube-system,metrics-server-778c4649b4-wtsqh,28659712
2026-10-10T12:39:34.001Z,metrics-server,kube-system,metrics-server-778c4649b4-wtsqh,28397568
2026-10-10T12:39:49.001Z,metrics-server,kube-system,metrics-server-778c4649b4-wtsqh,29450240
2026-10-10T12:40:04.001Z,metrics-server,kube-system,metrics-server-778c4649b4-wtsqh,28397568
2026-10-10T12:40:19.001Z,metrics-server,kube-system,metrics-server-778c4649b4-wtsqh,28442624
2026-10-10T12:40:34.001Z,metrics-server,kube-system,metrics-server-778c4649b4-wtsqh,28479488
2026-10-10T12:40:49.001Z,metrics-server,kube-system,metrics-server-778c4649b4-wtsqh,29265920
2026-10-10T12:41:04.001Z,metrics-server,kube-system,metrics-server-778c4649b4-wtsqh,28762112
2026-10-10T12:41:19.001Z,metrics-server,kube-system,metrics-server-778c4649b4-wtsqh,29618176
2026-10-10T12:41:34.001Z,metrics-server,kube-system,metrics-server-778c4649b4-wtsqh,28991488
2026-10-10T12:41:49.001Z,metrics-server,kube-system,metrics-server-778c4649b4-wtsqh,28479488
2026-10-10T12:42:04.001Z,metrics-server,kube-system,metrics-server-778c4649b4-wtsqh,28479488
2026-10-10T12:42:19.001Z,metrics-server,kube-system,metrics-server-778c4649b4-wtsqh,28737536
2026-10-10T12:42:34.001Z,metrics-server,kube-system,metrics-server-778c4649b4-wtsqh,29261824
2026-10-10T12:42:49.001Z,metrics-server,kube-system,metrics-server-778c4649b4-wtsqh,28495872
2026-10-10T12:43:04.001Z,metrics-server,kube-system,metrics-server-778c4649b4-wtsqh,28495872
2026-10-10T12:43:19.001Z,metrics-server,kube-system,metrics-server-778c4649b4-wtsqh,28852224
2026-10-10T12:43:34.001Z,metrics-server,kube-system,metrics-server-778c4649b4-wtsqh,28856320
2026-10-10T12:43:49.001Z,metrics-server,kube-system,metrics-server-778c4649b4-wtsqh,29118464
2026-10-10T12:44:04.001Z,metrics-server,kube-system,metrics-server-778c4649b4-wtsqh,29118464
2026-10-10T12:44:19.001Z,metrics-server,kube-system,metrics-server-778c4649b4-wtsqh,28856320
2026-10-10T12:44:34.001Z,metrics-server,kube-system,metrics-server-778c4649b4-wtsqh,28872704
2026-10-10T12:44:49.001Z,metrics-server,kube-system,metrics-server-778c4649b4-wtsqh,29917184
2026-10-10T12:45:04.001Z,metrics-server,kube-system,metrics-server-778c4649b4-wtsqh,29917184
2026-10-10T12:45:19.001Z,metrics-server,kube-system,metrics-server-778c4649b4-wtsqh,28872704
2026-10-10T12:45:34.001Z,metrics-server,kube-system,metrics-server-778c4649b4-wtsqh,28971008
2026-10-10T12:45:49.001Z,metrics-server,kube-system,metrics-server-778c4649b4-wtsqh,30019584
2026-10-10T12:46:04.001Z,metrics-server,kube-system,metrics-server-778c4649b4-wtsqh,29028352
2026-10-10T12:46:19.001Z,metrics-server,kube-system,metrics-server-778c4649b4-wtsqh,29044736
2026-10-10T12:46:34.001Z,metrics-server,kube-system,metrics-server-778c4649b4-wtsqh,29040640
2026-10-10T12:46:49.001Z,metrics-server,kube-system,metrics-server-778c4649b4-wtsqh,29040640
2026-10-10T12:47:04.001Z,metrics-server,kube-system,metrics-server-778c4649b4-wtsqh,30601216
2026-10-10T12:47:19.001Z,metrics-server,kube-system,metrics-server-778c4649b4-wtsqh,28405760
2026-10-10T12:47:34.001Z,metrics-server,kube-system,metrics-server-778c4649b4-wtsqh,29184000
2026-10-10T12:47:49.001Z,metrics-server,kube-system,metrics-server-778c4649b4-wtsqh,29192192
2026-10-10T12:48:04.001Z,metrics-server,kube-system,metrics-server-778c4649b4-wtsqh,28409856
2026-10-10T12:48:19.001Z,metrics-server,kube-system,metrics-server-778c4649b4-wtsqh,28409856
2026-10-10T12:48:34.001Z,metrics-server,kube-system,metrics-server-778c4649b4-wtsqh,28930048
2026-10-10T12:48:49.001Z,metrics-server,kube-system,metrics-server-778c4649b4-wtsqh,28409856
2026-10-10T12:49:04.001Z,metrics-server,kube-system,metrics-server-778c4649b4-wtsqh,28672000
2026-10-10T12:49:19.001Z,metrics-server,kube-system,metrics-server-778c4649b4-wtsqh,28409856
2026-10-10T12:49:34.001Z,metrics-server,kube-system,metrics-server-778c4649b4-wtsqh,29560832
2026-10-10T12:49:49.001Z,metrics-server,kube-system,metrics-server-778c4649b4-wtsqh,28590080
2026-10-10T12:50:04.001Z,metrics-server,kube-system,metrics-server-778c4649b4-wtsqh,28753920
2026-10-10T12:50:19.001Z,metrics-server,kube-system,metrics-server-778c4649b4-wtsqh,29081600
2026-10-10T12:50:34.001Z,metrics-server,kube-system,metrics-server-778c4649b4-wtsqh,28848128
2026-10-10T12:50:49.001Z,metrics-server,kube-system,metrics-server-778c4649b4-wtsqh,29376512
2026-10-10T12:51:04.001Z,metrics-server,kube-system,metrics-server-778c4649b4-wtsqh,28606464
2026-10-10T12:51:19.001Z,metrics-server,kube-system,metrics-server-778c4649b4-wtsqh,28606464
2026-10-10T12:51:34.001Z,metrics-server,kube-system,metrics-server-778c4649b4-wtsqh,28868608
2026-10-10T12:51:49.001Z,metrics-server,kube-system,metrics-server-778c4649b4-wtsqh,29130752
2026-10-10T12:52:04.001Z,metrics-server,kube-system,metrics-server-778c4649b4-wtsqh,28606464
2026-10-10T12:52:19.001Z,metrics-server,kube-system,metrics-server-778c4649b4-wtsqh,28606464
2026-10-10T12:52:34.001Z,metrics-server,kube-system,metrics-server-778c4649b4-wtsqh,28868608
2026-10-10T12:52:49.001Z,metrics-server,kube-system,metrics-server-778c4649b4-wtsqh,29016064
2026-10-10T12:53:04.001Z,metrics-server,kube-system,metrics-server-778c4649b4-wtsqh,28864512
2026-10-10T12:53:19.001Z,metrics-server,kube-system,metrics-server-778c4649b4-wtsqh,29147136
2026-10-10T12:53:34.001Z,metrics-server,kube-system,metrics-server-778c4649b4-wtsqh,28893184
2026-10-10T12:53:49.001Z,metrics-server,kube-system,metrics-server-778c4649b4-wtsqh,29155328
2026-10-10T12:54:04.001Z,metrics-server,kube-system,metrics-server-778c4649b4-wtsqh,29421568
2026-10-10T12:54:19.001Z,metrics-server,kube-system,metrics-server-778c4649b4-wtsqh,29933568
2026-10-10T12:54:34.001Z,metrics-server,kube-system,metrics-server-778c4649b4-wtsqh,29933568
2026-10-10T12:54:49.001Z,metrics-server,kube-system,metrics-server-778c4649b4-wtsqh,30097408
2026-10-10T12:55:04.001Z,metrics-server,kube-system,metrics-server-778c4649b4-wtsqh,29372416
2026-10-10T12:55:19.001Z,metrics-server,kube-system,metrics-server-778c4649b4-wtsqh,29372416
2026-10-10T12:55:34.001Z,metrics-server,kube-system,metrics-server-778c4649b4-wtsqh,30040064
2026-10-10T12:55:49.001Z,metrics-server,kube-system,metrics-server-778c4649b4-wtsqh,29921280
2026-10-10T12:56:04.001Z,metrics-server,kube-system,metrics-server-778c4649b4-wtsqh,30507008
2026-10-10T12:56:19.001Z,metrics-server,kube-system,metrics-server-778c4649b4-wtsqh,30060544
2026-10-10T12:56:34.001Z,metrics-server,kube-system,metrics-server-778c4649b4-wtsqh,28835840
2026-10-10T12:56:49.001Z,metrics-server,kube-system,metrics-server-778c4649b4-wtsqh,28835840
2026-10-10T12:57:04.001Z,metrics-server,kube-system,metrics-server-778c4649b4-wtsqh,28848128
2026-10-10T12:57:19.001Z,metrics-server,kube-system,metrics-server-778c4649b4-wtsqh,29102080
2026-10-10T12:22:49.001Z,node-exporter,monitoring,monitoring-prometheus-node-exporter-fv2n6,12021760
2026-10-10T12:23:04.001Z,node-exporter,monitoring,monitoring-prometheus-node-exporter-fv2n6,14086144
2026-10-10T12:23:19.001Z,node-exporter,monitoring,monitoring-prometheus-node-exporter-fv2n6,11980800
2026-10-10T12:23:34.001Z,node-exporter,monitoring,monitoring-prometheus-node-exporter-fv2n6,11898880
2026-10-10T12:23:49.001Z,node-exporter,monitoring,monitoring-prometheus-node-exporter-fv2n6,11595776
2026-10-10T12:24:04.001Z,node-exporter,monitoring,monitoring-prometheus-node-exporter-fv2n6,11313152
2026-10-10T12:24:19.001Z,node-exporter,monitoring,monitoring-prometheus-node-exporter-fv2n6,12079104
2026-10-10T12:24:34.001Z,node-exporter,monitoring,monitoring-prometheus-node-exporter-fv2n6,11993088
2026-10-10T12:24:49.001Z,node-exporter,monitoring,monitoring-prometheus-node-exporter-fv2n6,11845632
2026-10-10T12:25:04.001Z,node-exporter,monitoring,monitoring-prometheus-node-exporter-fv2n6,11255808
2026-10-10T12:25:19.001Z,node-exporter,monitoring,monitoring-prometheus-node-exporter-fv2n6,11419648
2026-10-10T12:25:34.001Z,node-exporter,monitoring,monitoring-prometheus-node-exporter-fv2n6,11288576
2026-10-10T12:25:49.001Z,node-exporter,monitoring,monitoring-prometheus-node-exporter-fv2n6,11698176
2026-10-10T12:26:04.001Z,node-exporter,monitoring,monitoring-prometheus-node-exporter-fv2n6,11698176
2026-10-10T12:26:19.001Z,node-exporter,monitoring,monitoring-prometheus-node-exporter-fv2n6,11546624
2026-10-10T12:26:34.001Z,node-exporter,monitoring,monitoring-prometheus-node-exporter-fv2n6,11968512
2026-10-10T12:26:49.001Z,node-exporter,monitoring,monitoring-prometheus-node-exporter-fv2n6,11898880
2026-10-10T12:27:04.001Z,node-exporter,monitoring,monitoring-prometheus-node-exporter-fv2n6,12361728
2026-10-10T12:27:19.001Z,node-exporter,monitoring,monitoring-prometheus-node-exporter-fv2n6,11141120
2026-10-10T12:27:34.001Z,node-exporter,monitoring,monitoring-prometheus-node-exporter-fv2n6,11816960
2026-10-10T12:27:49.001Z,node-exporter,monitoring,monitoring-prometheus-node-exporter-fv2n6,11485184
2026-10-10T12:28:04.001Z,node-exporter,monitoring,monitoring-prometheus-node-exporter-fv2n6,11862016
2026-10-10T12:28:19.001Z,node-exporter,monitoring,monitoring-prometheus-node-exporter-fv2n6,13287424
2026-10-10T12:28:34.001Z,node-exporter,monitoring,monitoring-prometheus-node-exporter-fv2n6,12255232
2026-10-10T12:28:49.001Z,node-exporter,monitoring,monitoring-prometheus-node-exporter-fv2n6,10878976
2026-10-10T12:29:04.001Z,node-exporter,monitoring,monitoring-prometheus-node-exporter-fv2n6,12017664
2026-10-10T12:29:19.001Z,node-exporter,monitoring,monitoring-prometheus-node-exporter-fv2n6,11243520
2026-10-10T12:29:34.001Z,node-exporter,monitoring,monitoring-prometheus-node-exporter-fv2n6,11378688
2026-10-10T12:29:49.001Z,node-exporter,monitoring,monitoring-prometheus-node-exporter-fv2n6,12304384
2026-10-10T12:30:04.001Z,node-exporter,monitoring,monitoring-prometheus-node-exporter-fv2n6,11653120
2026-10-10T12:30:19.001Z,node-exporter,monitoring,monitoring-prometheus-node-exporter-fv2n6,11468800
2026-10-10T12:30:34.001Z,node-exporter,monitoring,monitoring-prometheus-node-exporter-fv2n6,12865536
2026-10-10T12:30:49.001Z,node-exporter,monitoring,monitoring-prometheus-node-exporter-fv2n6,10530816
2026-10-10T12:31:04.001Z,node-exporter,monitoring,monitoring-prometheus-node-exporter-fv2n6,10915840
2026-10-10T12:31:19.001Z,node-exporter,monitoring,monitoring-prometheus-node-exporter-fv2n6,10366976
2026-10-10T12:31:34.001Z,node-exporter,monitoring,monitoring-prometheus-node-exporter-fv2n6,10510336
2026-10-10T12:31:49.001Z,node-exporter,monitoring,monitoring-prometheus-node-exporter-fv2n6,10661888
2026-10-10T12:32:04.001Z,node-exporter,monitoring,monitoring-prometheus-node-exporter-fv2n6,10862592
2026-10-10T12:32:19.001Z,node-exporter,monitoring,monitoring-prometheus-node-exporter-fv2n6,11530240
2026-10-10T12:32:34.001Z,node-exporter,monitoring,monitoring-prometheus-node-exporter-fv2n6,12189696
2026-10-10T12:32:49.001Z,node-exporter,monitoring,monitoring-prometheus-node-exporter-fv2n6,12226560
2026-10-10T12:33:04.001Z,node-exporter,monitoring,monitoring-prometheus-node-exporter-fv2n6,11350016
2026-10-10T12:33:19.001Z,node-exporter,monitoring,monitoring-prometheus-node-exporter-fv2n6,11350016
2026-10-10T12:33:34.001Z,node-exporter,monitoring,monitoring-prometheus-node-exporter-fv2n6,10772480
2026-10-10T12:33:49.001Z,node-exporter,monitoring,monitoring-prometheus-node-exporter-fv2n6,11583488
2026-10-10T12:34:04.001Z,node-exporter,monitoring,monitoring-prometheus-node-exporter-fv2n6,11247616
2026-10-10T12:34:19.001Z,node-exporter,monitoring,monitoring-prometheus-node-exporter-fv2n6,10883072
2026-10-10T12:34:34.001Z,node-exporter,monitoring,monitoring-prometheus-node-exporter-fv2n6,11837440
2026-10-10T12:34:49.001Z,node-exporter,monitoring,monitoring-prometheus-node-exporter-fv2n6,11624448
2026-10-10T12:35:04.001Z,node-exporter,monitoring,monitoring-prometheus-node-exporter-fv2n6,11624448
2026-10-10T12:35:19.001Z,node-exporter,monitoring,monitoring-prometheus-node-exporter-fv2n6,11177984
2026-10-10T12:35:34.001Z,node-exporter,monitoring,monitoring-prometheus-node-exporter-fv2n6,12324864
2026-10-10T12:35:49.001Z,node-exporter,monitoring,monitoring-prometheus-node-exporter-fv2n6,11337728
2026-10-10T12:36:04.001Z,node-exporter,monitoring,monitoring-prometheus-node-exporter-fv2n6,11272192
2026-10-10T12:36:19.001Z,node-exporter,monitoring,monitoring-prometheus-node-exporter-fv2n6,11382784
2026-10-10T12:36:34.001Z,node-exporter,monitoring,monitoring-prometheus-node-exporter-fv2n6,11382784
2026-10-10T12:36:49.001Z,node-exporter,monitoring,monitoring-prometheus-node-exporter-fv2n6,10903552
2026-10-10T12:37:04.001Z,node-exporter,monitoring,monitoring-prometheus-node-exporter-fv2n6,10903552
2026-10-10T12:37:19.001Z,node-exporter,monitoring,monitoring-prometheus-node-exporter-fv2n6,11411456
2026-10-10T12:37:34.001Z,node-exporter,monitoring,monitoring-prometheus-node-exporter-fv2n6,12382208
2026-10-10T12:37:49.001Z,node-exporter,monitoring,monitoring-prometheus-node-exporter-fv2n6,13176832
2026-10-10T12:38:04.001Z,node-exporter,monitoring,monitoring-prometheus-node-exporter-fv2n6,11902976
2026-10-10T12:38:19.001Z,node-exporter,monitoring,monitoring-prometheus-node-exporter-fv2n6,12640256
2026-10-10T12:38:34.001Z,node-exporter,monitoring,monitoring-prometheus-node-exporter-fv2n6,11939840
2026-10-10T12:38:49.001Z,node-exporter,monitoring,monitoring-prometheus-node-exporter-fv2n6,11853824
2026-10-10T12:39:04.001Z,node-exporter,monitoring,monitoring-prometheus-node-exporter-fv2n6,11853824
2026-10-10T12:39:19.001Z,node-exporter,monitoring,monitoring-prometheus-node-exporter-fv2n6,10547200
2026-10-10T12:39:34.001Z,node-exporter,monitoring,monitoring-prometheus-node-exporter-fv2n6,11685888
2026-10-10T12:39:49.001Z,node-exporter,monitoring,monitoring-prometheus-node-exporter-fv2n6,11390976
2026-10-10T12:40:04.001Z,node-exporter,monitoring,monitoring-prometheus-node-exporter-fv2n6,12087296
2026-10-10T12:40:19.001Z,node-exporter,monitoring,monitoring-prometheus-node-exporter-fv2n6,11788288
2026-10-10T12:40:34.001Z,node-exporter,monitoring,monitoring-prometheus-node-exporter-fv2n6,11788288
2026-10-10T12:40:49.001Z,node-exporter,monitoring,monitoring-prometheus-node-exporter-fv2n6,10690560
2026-10-10T12:41:04.001Z,node-exporter,monitoring,monitoring-prometheus-node-exporter-fv2n6,11837440
2026-10-10T12:41:19.001Z,node-exporter,monitoring,monitoring-prometheus-node-exporter-fv2n6,12390400
2026-10-10T12:41:34.001Z,node-exporter,monitoring,monitoring-prometheus-node-exporter-fv2n6,12374016
2026-10-10T12:41:49.001Z,node-exporter,monitoring,monitoring-prometheus-node-exporter-fv2n6,12754944
2026-10-10T12:42:04.001Z,node-exporter,monitoring,monitoring-prometheus-node-exporter-fv2n6,11907072
2026-10-10T12:42:19.001Z,node-exporter,monitoring,monitoring-prometheus-node-exporter-fv2n6,11051008
2026-10-10T12:42:34.001Z,node-exporter,monitoring,monitoring-prometheus-node-exporter-fv2n6,11255808
2026-10-10T12:42:49.001Z,node-exporter,monitoring,monitoring-prometheus-node-exporter-fv2n6,10911744
2026-10-10T12:43:04.001Z,node-exporter,monitoring,monitoring-prometheus-node-exporter-fv2n6,11792384
2026-10-10T12:43:19.001Z,node-exporter,monitoring,monitoring-prometheus-node-exporter-fv2n6,12369920
2026-10-10T12:43:34.001Z,node-exporter,monitoring,monitoring-prometheus-node-exporter-fv2n6,10612736
2026-10-10T12:43:49.001Z,node-exporter,monitoring,monitoring-prometheus-node-exporter-fv2n6,12414976
2026-10-10T12:44:04.001Z,node-exporter,monitoring,monitoring-prometheus-node-exporter-fv2n6,11612160
2026-10-10T12:44:19.001Z,node-exporter,monitoring,monitoring-prometheus-node-exporter-fv2n6,11464704
2026-10-10T12:44:34.001Z,node-exporter,monitoring,monitoring-prometheus-node-exporter-fv2n6,11464704
2026-10-10T12:44:49.001Z,node-exporter,monitoring,monitoring-prometheus-node-exporter-fv2n6,10891264
2026-10-10T12:45:04.001Z,node-exporter,monitoring,monitoring-prometheus-node-exporter-fv2n6,11857920
2026-10-10T12:45:19.001Z,node-exporter,monitoring,monitoring-prometheus-node-exporter-fv2n6,11579392
2026-10-10T12:45:34.001Z,node-exporter,monitoring,monitoring-prometheus-node-exporter-fv2n6,11124736
2026-10-10T12:45:49.001Z,node-exporter,monitoring,monitoring-prometheus-node-exporter-fv2n6,11403264
2026-10-10T12:46:04.001Z,node-exporter,monitoring,monitoring-prometheus-node-exporter-fv2n6,11862016
2026-10-10T12:46:19.001Z,node-exporter,monitoring,monitoring-prometheus-node-exporter-fv2n6,11362304
2026-10-10T12:46:34.001Z,node-exporter,monitoring,monitoring-prometheus-node-exporter-fv2n6,11632640
2026-10-10T12:46:49.001Z,node-exporter,monitoring,monitoring-prometheus-node-exporter-fv2n6,10739712
2026-10-10T12:47:04.001Z,node-exporter,monitoring,monitoring-prometheus-node-exporter-fv2n6,10780672
2026-10-10T12:47:19.001Z,node-exporter,monitoring,monitoring-prometheus-node-exporter-fv2n6,10780672
2026-10-10T12:47:34.001Z,node-exporter,monitoring,monitoring-prometheus-node-exporter-fv2n6,11415552
2026-10-10T12:47:49.001Z,node-exporter,monitoring,monitoring-prometheus-node-exporter-fv2n6,11415552
2026-10-10T12:48:04.001Z,node-exporter,monitoring,monitoring-prometheus-node-exporter-fv2n6,12009472
2026-10-10T12:48:19.001Z,node-exporter,monitoring,monitoring-prometheus-node-exporter-fv2n6,12390400
2026-10-10T12:48:34.001Z,node-exporter,monitoring,monitoring-prometheus-node-exporter-fv2n6,10903552
2026-10-10T12:48:49.001Z,node-exporter,monitoring,monitoring-prometheus-node-exporter-fv2n6,11702272
2026-10-10T12:49:04.001Z,node-exporter,monitoring,monitoring-prometheus-node-exporter-fv2n6,11915264
2026-10-10T12:49:19.001Z,node-exporter,monitoring,monitoring-prometheus-node-exporter-fv2n6,11382784
2026-10-10T12:49:34.001Z,node-exporter,monitoring,monitoring-prometheus-node-exporter-fv2n6,12324864
2026-10-10T12:49:49.001Z,node-exporter,monitoring,monitoring-prometheus-node-exporter-fv2n6,11468800
2026-10-10T12:50:04.001Z,node-exporter,monitoring,monitoring-prometheus-node-exporter-fv2n6,11386880
2026-10-10T12:50:19.001Z,node-exporter,monitoring,monitoring-prometheus-node-exporter-fv2n6,11759616
2026-10-10T12:50:34.001Z,node-exporter,monitoring,monitoring-prometheus-node-exporter-fv2n6,11362304
2026-10-10T12:50:49.001Z,node-exporter,monitoring,monitoring-prometheus-node-exporter-fv2n6,11599872
2026-10-10T12:51:04.001Z,node-exporter,monitoring,monitoring-prometheus-node-exporter-fv2n6,11956224
2026-10-10T12:51:19.001Z,node-exporter,monitoring,monitoring-prometheus-node-exporter-fv2n6,11833344
2026-10-10T12:51:34.001Z,node-exporter,monitoring,monitoring-prometheus-node-exporter-fv2n6,13258752
2026-10-10T12:51:49.001Z,node-exporter,monitoring,monitoring-prometheus-node-exporter-fv2n6,12107776
2026-10-10T12:52:04.001Z,node-exporter,monitoring,monitoring-prometheus-node-exporter-fv2n6,10526720
2026-10-10T12:52:19.001Z,node-exporter,monitoring,monitoring-prometheus-node-exporter-fv2n6,11321344
2026-10-10T12:52:34.001Z,node-exporter,monitoring,monitoring-prometheus-node-exporter-fv2n6,12169216
2026-10-10T12:52:49.001Z,node-exporter,monitoring,monitoring-prometheus-node-exporter-fv2n6,12124160
2026-10-10T12:53:04.001Z,node-exporter,monitoring,monitoring-prometheus-node-exporter-fv2n6,11833344
2026-10-10T12:53:19.001Z,node-exporter,monitoring,monitoring-prometheus-node-exporter-fv2n6,11661312
2026-10-10T12:53:34.001Z,node-exporter,monitoring,monitoring-prometheus-node-exporter-fv2n6,12107776
2026-10-10T12:53:49.001Z,node-exporter,monitoring,monitoring-prometheus-node-exporter-fv2n6,11988992
2026-10-10T12:54:04.001Z,node-exporter,monitoring,monitoring-prometheus-node-exporter-fv2n6,11837440
2026-10-10T12:54:19.001Z,node-exporter,monitoring,monitoring-prometheus-node-exporter-fv2n6,10805248
2026-10-10T12:54:34.001Z,node-exporter,monitoring,monitoring-prometheus-node-exporter-fv2n6,11505664
2026-10-10T12:54:49.001Z,node-exporter,monitoring,monitoring-prometheus-node-exporter-fv2n6,10637312
2026-10-10T12:55:04.001Z,node-exporter,monitoring,monitoring-prometheus-node-exporter-fv2n6,10866688
2026-10-10T12:55:19.001Z,node-exporter,monitoring,monitoring-prometheus-node-exporter-fv2n6,11857920
2026-10-10T12:55:34.001Z,node-exporter,monitoring,monitoring-prometheus-node-exporter-fv2n6,11247616
2026-10-10T12:55:49.001Z,node-exporter,monitoring,monitoring-prometheus-node-exporter-fv2n6,11849728
2026-10-10T12:56:04.001Z,node-exporter,monitoring,monitoring-prometheus-node-exporter-fv2n6,11075584
2026-10-10T12:56:19.001Z,node-exporter,monitoring,monitoring-prometheus-node-exporter-fv2n6,11407360
2026-10-10T12:56:34.001Z,node-exporter,monitoring,monitoring-prometheus-node-exporter-fv2n6,11489280
2026-10-10T12:56:49.001Z,node-exporter,monitoring,monitoring-prometheus-node-exporter-fv2n6,11051008
2026-10-10T12:57:04.001Z,node-exporter,monitoring,monitoring-prometheus-node-exporter-fv2n6,12247040
2026-10-10T12:57:19.001Z,node-exporter,monitoring,monitoring-prometheus-node-exporter-fv2n6,10735616
2026-10-10T12:22:49.001Z,postgresql,customer,dtr-postgresql-0,51781632
2026-10-10T12:23:04.001Z,postgresql,customer,dtr-postgresql-0,47714304
2026-10-10T12:23:19.001Z,postgresql,customer,dtr-postgresql-0,46211072
2026-10-10T12:23:34.001Z,postgresql,customer,dtr-postgresql-0,46211072
2026-10-10T12:23:49.001Z,postgresql,customer,dtr-postgresql-0,46198784
2026-10-10T12:24:04.001Z,postgresql,customer,dtr-postgresql-0,48353280
2026-10-10T12:24:19.001Z,postgresql,customer,dtr-postgresql-0,48353280
2026-10-10T12:24:34.001Z,postgresql,customer,dtr-postgresql-0,51691520
2026-10-10T12:24:49.001Z,postgresql,customer,dtr-postgresql-0,46202880
2026-10-10T12:25:04.001Z,postgresql,customer,dtr-postgresql-0,50446336
2026-10-10T12:25:19.001Z,postgresql,customer,dtr-postgresql-0,45944832
2026-10-10T12:25:34.001Z,postgresql,customer,dtr-postgresql-0,50655232
2026-10-10T12:25:49.001Z,postgresql,customer,dtr-postgresql-0,45953024
2026-10-10T12:26:04.001Z,postgresql,customer,dtr-postgresql-0,46346240
2026-10-10T12:26:19.001Z,postgresql,customer,dtr-postgresql-0,45944832
2026-10-10T12:26:34.001Z,postgresql,customer,dtr-postgresql-0,52514816
2026-10-10T12:26:49.001Z,postgresql,customer,dtr-postgresql-0,45932544
2026-10-10T12:27:04.001Z,postgresql,customer,dtr-postgresql-0,47435776
2026-10-10T12:27:19.001Z,postgresql,customer,dtr-postgresql-0,45936640
2026-10-10T12:27:34.001Z,postgresql,customer,dtr-postgresql-0,45940736
2026-10-10T12:27:49.001Z,postgresql,customer,dtr-postgresql-0,45936640
2026-10-10T12:28:04.001Z,postgresql,customer,dtr-postgresql-0,45936640
2026-10-10T12:28:19.001Z,postgresql,customer,dtr-postgresql-0,45948928
2026-10-10T12:28:34.001Z,postgresql,customer,dtr-postgresql-0,51302400
2026-10-10T12:28:49.001Z,postgresql,customer,dtr-postgresql-0,51302400
2026-10-10T12:29:04.001Z,postgresql,customer,dtr-postgresql-0,45936640
2026-10-10T12:29:19.001Z,postgresql,customer,dtr-postgresql-0,45944832
2026-10-10T12:29:34.001Z,postgresql,customer,dtr-postgresql-0,45948928
2026-10-10T12:29:49.001Z,postgresql,customer,dtr-postgresql-0,45957120
2026-10-10T12:30:04.001Z,postgresql,customer,dtr-postgresql-0,46239744
2026-10-10T12:30:19.001Z,postgresql,customer,dtr-postgresql-0,46104576
2026-10-10T12:30:34.001Z,postgresql,customer,dtr-postgresql-0,45944832
2026-10-10T12:30:49.001Z,postgresql,customer,dtr-postgresql-0,46092288
2026-10-10T12:31:04.001Z,postgresql,customer,dtr-postgresql-0,45932544
2026-10-10T12:31:19.001Z,postgresql,customer,dtr-postgresql-0,45936640
2026-10-10T12:31:34.001Z,postgresql,customer,dtr-postgresql-0,45940736
2026-10-10T12:31:49.001Z,postgresql,customer,dtr-postgresql-0,46202880
2026-10-10T12:32:04.001Z,postgresql,customer,dtr-postgresql-0,45928448
2026-10-10T12:32:19.001Z,postgresql,customer,dtr-postgresql-0,45924352
2026-10-10T12:32:34.001Z,postgresql,customer,dtr-postgresql-0,45928448
2026-10-10T12:32:49.001Z,postgresql,customer,dtr-postgresql-0,45924352
2026-10-10T12:33:04.001Z,postgresql,customer,dtr-postgresql-0,45928448
2026-10-10T12:33:19.001Z,postgresql,customer,dtr-postgresql-0,46026752
2026-10-10T12:33:34.001Z,postgresql,customer,dtr-postgresql-0,45940736
2026-10-10T12:33:49.001Z,postgresql,customer,dtr-postgresql-0,45944832
2026-10-10T12:34:04.001Z,postgresql,customer,dtr-postgresql-0,45940736
2026-10-10T12:34:19.001Z,postgresql,customer,dtr-postgresql-0,45940736
2026-10-10T12:34:34.001Z,postgresql,customer,dtr-postgresql-0,45936640
2026-10-10T12:34:49.001Z,postgresql,customer,dtr-postgresql-0,45932544
2026-10-10T12:35:04.001Z,postgresql,customer,dtr-postgresql-0,47575040
2026-10-10T12:35:19.001Z,postgresql,customer,dtr-postgresql-0,47575040
2026-10-10T12:35:34.001Z,postgresql,customer,dtr-postgresql-0,45940736
2026-10-10T12:35:49.001Z,postgresql,customer,dtr-postgresql-0,45936640
2026-10-10T12:36:04.001Z,postgresql,customer,dtr-postgresql-0,45936640
2026-10-10T12:36:19.001Z,postgresql,customer,dtr-postgresql-0,45936640
2026-10-10T12:36:34.001Z,postgresql,customer,dtr-postgresql-0,45944832
2026-10-10T12:36:49.001Z,postgresql,customer,dtr-postgresql-0,45944832
2026-10-10T12:37:04.001Z,postgresql,customer,dtr-postgresql-0,47067136
2026-10-10T12:37:19.001Z,postgresql,customer,dtr-postgresql-0,45944832
2026-10-10T12:37:34.001Z,postgresql,customer,dtr-postgresql-0,45944832
2026-10-10T12:37:49.001Z,postgresql,customer,dtr-postgresql-0,45944832
2026-10-10T12:38:04.001Z,postgresql,customer,dtr-postgresql-0,46424064
2026-10-10T12:38:19.001Z,postgresql,customer,dtr-postgresql-0,45940736
2026-10-10T12:38:34.001Z,postgresql,customer,dtr-postgresql-0,45940736
2026-10-10T12:38:49.001Z,postgresql,customer,dtr-postgresql-0,45936640
2026-10-10T12:39:04.001Z,postgresql,customer,dtr-postgresql-0,45932544
2026-10-10T12:39:19.001Z,postgresql,customer,dtr-postgresql-0,45932544
2026-10-10T12:39:34.001Z,postgresql,customer,dtr-postgresql-0,52436992
2026-10-10T12:39:49.001Z,postgresql,customer,dtr-postgresql-0,46313472
2026-10-10T12:40:04.001Z,postgresql,customer,dtr-postgresql-0,46186496
2026-10-10T12:40:19.001Z,postgresql,customer,dtr-postgresql-0,46186496
2026-10-10T12:40:34.001Z,postgresql,customer,dtr-postgresql-0,52469760
2026-10-10T12:40:49.001Z,postgresql,customer,dtr-postgresql-0,52469760
2026-10-10T12:41:04.001Z,postgresql,customer,dtr-postgresql-0,45924352
2026-10-10T12:41:19.001Z,postgresql,customer,dtr-postgresql-0,45932544
2026-10-10T12:41:34.001Z,postgresql,customer,dtr-postgresql-0,49094656
2026-10-10T12:41:49.001Z,postgresql,customer,dtr-postgresql-0,45981696
2026-10-10T12:42:04.001Z,postgresql,customer,dtr-postgresql-0,45936640
2026-10-10T12:42:19.001Z,postgresql,customer,dtr-postgresql-0,45940736
2026-10-10T12:42:34.001Z,postgresql,customer,dtr-postgresql-0,47087616
2026-10-10T12:42:49.001Z,postgresql,customer,dtr-postgresql-0,45936640
2026-10-10T12:43:04.001Z,postgresql,customer,dtr-postgresql-0,45940736
2026-10-10T12:43:19.001Z,postgresql,customer,dtr-postgresql-0,45940736
2026-10-10T12:43:34.001Z,postgresql,customer,dtr-postgresql-0,45932544
2026-10-10T12:43:49.001Z,postgresql,customer,dtr-postgresql-0,45932544
2026-10-10T12:44:04.001Z,postgresql,customer,dtr-postgresql-0,45932544
2026-10-10T12:44:19.001Z,postgresql,customer,dtr-postgresql-0,45940736
2026-10-10T12:44:34.001Z,postgresql,customer,dtr-postgresql-0,45944832
2026-10-10T12:44:49.001Z,postgresql,customer,dtr-postgresql-0,45948928
2026-10-10T12:45:04.001Z,postgresql,customer,dtr-postgresql-0,45948928
2026-10-10T12:45:19.001Z,postgresql,customer,dtr-postgresql-0,45944832
2026-10-10T12:45:34.001Z,postgresql,customer,dtr-postgresql-0,47779840
2026-10-10T12:45:49.001Z,postgresql,customer,dtr-postgresql-0,46030848
2026-10-10T12:46:04.001Z,postgresql,customer,dtr-postgresql-0,46178304
2026-10-10T12:46:19.001Z,postgresql,customer,dtr-postgresql-0,45932544
2026-10-10T12:46:34.001Z,postgresql,customer,dtr-postgresql-0,52846592
2026-10-10T12:46:49.001Z,postgresql,customer,dtr-postgresql-0,52846592
2026-10-10T12:47:04.001Z,postgresql,customer,dtr-postgresql-0,45957120
2026-10-10T12:47:19.001Z,postgresql,customer,dtr-postgresql-0,46379008
2026-10-10T12:47:34.001Z,postgresql,customer,dtr-postgresql-0,50860032
2026-10-10T12:47:49.001Z,postgresql,customer,dtr-postgresql-0,45940736
2026-10-10T12:48:04.001Z,postgresql,customer,dtr-postgresql-0,45940736
2026-10-10T12:48:19.001Z,postgresql,customer,dtr-postgresql-0,45940736
2026-10-10T12:48:34.001Z,postgresql,customer,dtr-postgresql-0,45936640
2026-10-10T12:48:49.001Z,postgresql,customer,dtr-postgresql-0,45940736
2026-10-10T12:49:04.001Z,postgresql,customer,dtr-postgresql-0,45932544
2026-10-10T12:49:19.001Z,postgresql,customer,dtr-postgresql-0,45940736
2026-10-10T12:49:34.001Z,postgresql,customer,dtr-postgresql-0,45940736
2026-10-10T12:49:49.001Z,postgresql,customer,dtr-postgresql-0,45944832
2026-10-10T12:50:04.001Z,postgresql,customer,dtr-postgresql-0,45944832
2026-10-10T12:50:19.001Z,postgresql,customer,dtr-postgresql-0,45948928
2026-10-10T12:50:34.001Z,postgresql,customer,dtr-postgresql-0,45932544
2026-10-10T12:50:49.001Z,postgresql,customer,dtr-postgresql-0,45981696
2026-10-10T12:51:04.001Z,postgresql,customer,dtr-postgresql-0,45936640
2026-10-10T12:51:19.001Z,postgresql,customer,dtr-postgresql-0,45936640
2026-10-10T12:51:34.001Z,postgresql,customer,dtr-postgresql-0,45944832
2026-10-10T12:51:49.001Z,postgresql,customer,dtr-postgresql-0,45944832
2026-10-10T12:52:04.001Z,postgresql,customer,dtr-postgresql-0,45953024
2026-10-10T12:52:19.001Z,postgresql,customer,dtr-postgresql-0,45953024
2026-10-10T12:52:34.001Z,postgresql,customer,dtr-postgresql-0,45953024
2026-10-10T12:52:49.001Z,postgresql,customer,dtr-postgresql-0,45948928
2026-10-10T12:53:04.001Z,postgresql,customer,dtr-postgresql-0,45948928
2026-10-10T12:53:19.001Z,postgresql,customer,dtr-postgresql-0,45953024
2026-10-10T12:53:34.001Z,postgresql,customer,dtr-postgresql-0,45944832
2026-10-10T12:53:49.001Z,postgresql,customer,dtr-postgresql-0,45936640
2026-10-10T12:54:04.001Z,postgresql,customer,dtr-postgresql-0,45936640
2026-10-10T12:54:19.001Z,postgresql,customer,dtr-postgresql-0,45944832
2026-10-10T12:54:34.001Z,postgresql,customer,dtr-postgresql-0,45944832
2026-10-10T12:54:49.001Z,postgresql,customer,dtr-postgresql-0,45953024
2026-10-10T12:55:04.001Z,postgresql,customer,dtr-postgresql-0,45944832
2026-10-10T12:55:19.001Z,postgresql,customer,dtr-postgresql-0,45981696
2026-10-10T12:55:34.001Z,postgresql,customer,dtr-postgresql-0,45940736
2026-10-10T12:55:49.001Z,postgresql,customer,dtr-postgresql-0,45944832
2026-10-10T12:56:04.001Z,postgresql,customer,dtr-postgresql-0,45944832
2026-10-10T12:56:19.001Z,postgresql,customer,dtr-postgresql-0,45940736
2026-10-10T12:56:34.001Z,postgresql,customer,dtr-postgresql-0,45944832
2026-10-10T12:56:49.001Z,postgresql,customer,dtr-postgresql-0,45936640
2026-10-10T12:57:04.001Z,postgresql,customer,dtr-postgresql-0,45936640
2026-10-10T12:57:19.001Z,postgresql,customer,dtr-postgresql-0,50819072
2026-10-10T12:22:49.001Z,postgresql,customer,edc-postgresql-0,49692672
2026-10-10T12:23:04.001Z,postgresql,customer,edc-postgresql-0,50905088
2026-10-10T12:23:19.001Z,postgresql,customer,edc-postgresql-0,51068928
2026-10-10T12:23:34.001Z,postgresql,customer,edc-postgresql-0,50814976
2026-10-10T12:23:49.001Z,postgresql,customer,edc-postgresql-0,52011008
2026-10-10T12:24:04.001Z,postgresql,customer,edc-postgresql-0,51212288
2026-10-10T12:24:19.001Z,postgresql,customer,edc-postgresql-0,51077120
2026-10-10T12:24:34.001Z,postgresql,customer,edc-postgresql-0,51195904
2026-10-10T12:24:49.001Z,postgresql,customer,edc-postgresql-0,51195904
2026-10-10T12:25:04.001Z,postgresql,customer,edc-postgresql-0,51212288
2026-10-10T12:25:19.001Z,postgresql,customer,edc-postgresql-0,51675136
2026-10-10T12:25:34.001Z,postgresql,customer,edc-postgresql-0,51601408
2026-10-10T12:25:49.001Z,postgresql,customer,edc-postgresql-0,51757056
2026-10-10T12:26:04.001Z,postgresql,customer,edc-postgresql-0,51318784
2026-10-10T12:26:19.001Z,postgresql,customer,edc-postgresql-0,52178944
2026-10-10T12:26:34.001Z,postgresql,customer,edc-postgresql-0,52178944
2026-10-10T12:26:49.001Z,postgresql,customer,edc-postgresql-0,51511296
2026-10-10T12:27:04.001Z,postgresql,customer,edc-postgresql-0,51965952
2026-10-10T12:27:19.001Z,postgresql,customer,edc-postgresql-0,51298304
2026-10-10T12:27:34.001Z,postgresql,customer,edc-postgresql-0,51589120
2026-10-10T12:27:49.001Z,postgresql,customer,edc-postgresql-0,52559872
2026-10-10T12:28:04.001Z,postgresql,customer,edc-postgresql-0,51793920
2026-10-10T12:28:19.001Z,postgresql,customer,edc-postgresql-0,51560448
2026-10-10T12:28:34.001Z,postgresql,customer,edc-postgresql-0,51716096
2026-10-10T12:28:49.001Z,postgresql,customer,edc-postgresql-0,51253248
2026-10-10T12:29:04.001Z,postgresql,customer,edc-postgresql-0,53022720
2026-10-10T12:29:19.001Z,postgresql,customer,edc-postgresql-0,51519488
2026-10-10T12:29:34.001Z,postgresql,customer,edc-postgresql-0,51560448
2026-10-10T12:29:49.001Z,postgresql,customer,edc-postgresql-0,53374976
2026-10-10T12:30:04.001Z,postgresql,customer,edc-postgresql-0,53374976
2026-10-10T12:30:19.001Z,postgresql,customer,edc-postgresql-0,53657600
2026-10-10T12:30:34.001Z,postgresql,customer,edc-postgresql-0,53604352
2026-10-10T12:30:49.001Z,postgresql,customer,edc-postgresql-0,51585024
2026-10-10T12:31:04.001Z,postgresql,customer,edc-postgresql-0,52355072
2026-10-10T12:31:19.001Z,postgresql,customer,edc-postgresql-0,53108736
2026-10-10T12:31:34.001Z,postgresql,customer,edc-postgresql-0,52523008
2026-10-10T12:31:49.001Z,postgresql,customer,edc-postgresql-0,53252096
2026-10-10T12:32:04.001Z,postgresql,customer,edc-postgresql-0,53014528
2026-10-10T12:32:19.001Z,postgresql,customer,edc-postgresql-0,52686848
2026-10-10T12:32:34.001Z,postgresql,customer,edc-postgresql-0,51290112
2026-10-10T12:32:49.001Z,postgresql,customer,edc-postgresql-0,52142080
2026-10-10T12:33:04.001Z,postgresql,customer,edc-postgresql-0,52178944
2026-10-10T12:33:19.001Z,postgresql,customer,edc-postgresql-0,51757056
2026-10-10T12:33:34.001Z,postgresql,customer,edc-postgresql-0,52346880
2026-10-10T12:33:49.001Z,postgresql,customer,edc-postgresql-0,52789248
2026-10-10T12:34:04.001Z,postgresql,customer,edc-postgresql-0,52789248
2026-10-10T12:34:19.001Z,postgresql,customer,edc-postgresql-0,52699136
2026-10-10T12:34:34.001Z,postgresql,customer,edc-postgresql-0,51310592
2026-10-10T12:34:49.001Z,postgresql,customer,edc-postgresql-0,52809728
2026-10-10T12:35:04.001Z,postgresql,customer,edc-postgresql-0,51691520
2026-10-10T12:35:19.001Z,postgresql,customer,edc-postgresql-0,51691520
2026-10-10T12:35:34.001Z,postgresql,customer,edc-postgresql-0,51798016
2026-10-10T12:35:49.001Z,postgresql,customer,edc-postgresql-0,51580928
2026-10-10T12:36:04.001Z,postgresql,customer,edc-postgresql-0,51875840
2026-10-10T12:36:19.001Z,postgresql,customer,edc-postgresql-0,50556928
2026-10-10T12:36:34.001Z,postgresql,customer,edc-postgresql-0,52740096
2026-10-10T12:36:49.001Z,postgresql,customer,edc-postgresql-0,52813824
2026-10-10T12:37:04.001Z,postgresql,customer,edc-postgresql-0,59457536
2026-10-10T12:37:19.001Z,postgresql,customer,edc-postgresql-0,59457536
2026-10-10T12:37:34.001Z,postgresql,customer,edc-postgresql-0,58572800
2026-10-10T12:37:49.001Z,postgresql,customer,edc-postgresql-0,56135680
2026-10-10T12:38:04.001Z,postgresql,customer,edc-postgresql-0,55521280
2026-10-10T12:38:19.001Z,postgresql,customer,edc-postgresql-0,58814464
2026-10-10T12:38:34.001Z,postgresql,customer,edc-postgresql-0,56635392
2026-10-10T12:38:49.001Z,postgresql,customer,edc-postgresql-0,57978880
2026-10-10T12:39:04.001Z,postgresql,customer,edc-postgresql-0,56197120
2026-10-10T12:39:19.001Z,postgresql,customer,edc-postgresql-0,58351616
2026-10-10T12:39:34.001Z,postgresql,customer,edc-postgresql-0,57135104
2026-10-10T12:39:49.001Z,postgresql,customer,edc-postgresql-0,59006976
2026-10-10T12:40:04.001Z,postgresql,customer,edc-postgresql-0,58224640
2026-10-10T12:40:19.001Z,postgresql,customer,edc-postgresql-0,58224640
2026-10-10T12:40:34.001Z,postgresql,customer,edc-postgresql-0,59842560
2026-10-10T12:40:49.001Z,postgresql,customer,edc-postgresql-0,59555840
2026-10-10T12:41:04.001Z,postgresql,customer,edc-postgresql-0,58880000
2026-10-10T12:41:19.001Z,postgresql,customer,edc-postgresql-0,56508416
2026-10-10T12:41:34.001Z,postgresql,customer,edc-postgresql-0,57028608
2026-10-10T12:41:49.001Z,postgresql,customer,edc-postgresql-0,57425920
2026-10-10T12:42:04.001Z,postgresql,customer,edc-postgresql-0,58494976
2026-10-10T12:42:19.001Z,postgresql,customer,edc-postgresql-0,56446976
2026-10-10T12:42:34.001Z,postgresql,customer,edc-postgresql-0,59129856
2026-10-10T12:42:49.001Z,postgresql,customer,edc-postgresql-0,59662336
2026-10-10T12:43:04.001Z,postgresql,customer,edc-postgresql-0,60968960
2026-10-10T12:43:19.001Z,postgresql,customer,edc-postgresql-0,60329984
2026-10-10T12:43:34.001Z,postgresql,customer,edc-postgresql-0,60329984
2026-10-10T12:43:49.001Z,postgresql,customer,edc-postgresql-0,51838976
2026-10-10T12:44:04.001Z,postgresql,customer,edc-postgresql-0,51838976
2026-10-10T12:44:19.001Z,postgresql,customer,edc-postgresql-0,61284352
2026-10-10T12:44:34.001Z,postgresql,customer,edc-postgresql-0,61386752
2026-10-10T12:44:49.001Z,postgresql,customer,edc-postgresql-0,61177856
2026-10-10T12:45:04.001Z,postgresql,customer,edc-postgresql-0,63049728
2026-10-10T12:45:19.001Z,postgresql,customer,edc-postgresql-0,58019840
2026-10-10T12:45:34.001Z,postgresql,customer,edc-postgresql-0,58019840
2026-10-10T12:45:49.001Z,postgresql,customer,edc-postgresql-0,62812160
2026-10-10T12:46:04.001Z,postgresql,customer,edc-postgresql-0,60612608
2026-10-10T12:46:19.001Z,postgresql,customer,edc-postgresql-0,59314176
2026-10-10T12:46:34.001Z,postgresql,customer,edc-postgresql-0,57511936
2026-10-10T12:46:49.001Z,postgresql,customer,edc-postgresql-0,60186624
2026-10-10T12:47:04.001Z,postgresql,customer,edc-postgresql-0,62947328
2026-10-10T12:47:19.001Z,postgresql,customer,edc-postgresql-0,61562880
2026-10-10T12:47:34.001Z,postgresql,customer,edc-postgresql-0,57102336
2026-10-10T12:47:49.001Z,postgresql,customer,edc-postgresql-0,60420096
2026-10-10T12:48:04.001Z,postgresql,customer,edc-postgresql-0,61501440
2026-10-10T12:48:19.001Z,postgresql,customer,edc-postgresql-0,62676992
2026-10-10T12:48:34.001Z,postgresql,customer,edc-postgresql-0,38547456
2026-10-10T12:48:49.001Z,postgresql,customer,edc-postgresql-0,52555776
2026-10-10T12:49:04.001Z,postgresql,customer,edc-postgresql-0,52555776
2026-10-10T12:49:19.001Z,postgresql,customer,edc-postgresql-0,62709760
2026-10-10T12:49:34.001Z,postgresql,customer,edc-postgresql-0,62709760
2026-10-10T12:49:49.001Z,postgresql,customer,edc-postgresql-0,63639552
2026-10-10T12:50:04.001Z,postgresql,customer,edc-postgresql-0,61763584
2026-10-10T12:50:19.001Z,postgresql,customer,edc-postgresql-0,61255680
2026-10-10T12:50:34.001Z,postgresql,customer,edc-postgresql-0,61652992
2026-10-10T12:50:49.001Z,postgresql,customer,edc-postgresql-0,60891136
2026-10-10T12:51:04.001Z,postgresql,customer,edc-postgresql-0,60014592
2026-10-10T12:51:19.001Z,postgresql,customer,edc-postgresql-0,60563456
2026-10-10T12:51:34.001Z,postgresql,customer,edc-postgresql-0,60149760
2026-10-10T12:51:49.001Z,postgresql,customer,edc-postgresql-0,60846080
2026-10-10T12:52:04.001Z,postgresql,customer,edc-postgresql-0,60579840
2026-10-10T12:52:19.001Z,postgresql,customer,edc-postgresql-0,55623680
2026-10-10T12:52:34.001Z,postgresql,customer,edc-postgresql-0,63406080
2026-10-10T12:52:49.001Z,postgresql,customer,edc-postgresql-0,63758336
2026-10-10T12:53:04.001Z,postgresql,customer,edc-postgresql-0,62832640
2026-10-10T12:53:19.001Z,postgresql,customer,edc-postgresql-0,64864256
2026-10-10T12:53:34.001Z,postgresql,customer,edc-postgresql-0,60444672
2026-10-10T12:53:49.001Z,postgresql,customer,edc-postgresql-0,61243392
2026-10-10T12:54:04.001Z,postgresql,customer,edc-postgresql-0,59666432
2026-10-10T12:54:19.001Z,postgresql,customer,edc-postgresql-0,62844928
2026-10-10T12:54:34.001Z,postgresql,customer,edc-postgresql-0,61333504
2026-10-10T12:54:49.001Z,postgresql,customer,edc-postgresql-0,61333504
2026-10-10T12:55:04.001Z,postgresql,customer,edc-postgresql-0,58941440
2026-10-10T12:55:19.001Z,postgresql,customer,edc-postgresql-0,63029248
2026-10-10T12:55:34.001Z,postgresql,customer,edc-postgresql-0,59457536
2026-10-10T12:55:49.001Z,postgresql,customer,edc-postgresql-0,63827968
2026-10-10T12:56:04.001Z,postgresql,customer,edc-postgresql-0,61562880
2026-10-10T12:56:19.001Z,postgresql,customer,edc-postgresql-0,55984128
2026-10-10T12:56:34.001Z,postgresql,customer,edc-postgresql-0,57188352
2026-10-10T12:56:49.001Z,postgresql,customer,edc-postgresql-0,66564096
2026-10-10T12:57:04.001Z,postgresql,customer,edc-postgresql-0,62271488
2026-10-10T12:57:19.001Z,postgresql,customer,edc-postgresql-0,66535424
2026-10-10T12:22:49.001Z,postgresql,customer,puris-postgresql-0,77598720
2026-10-10T12:23:04.001Z,postgresql,customer,puris-postgresql-0,76341248
2026-10-10T12:23:19.001Z,postgresql,customer,puris-postgresql-0,76247040
2026-10-10T12:23:34.001Z,postgresql,customer,puris-postgresql-0,76247040
2026-10-10T12:23:49.001Z,postgresql,customer,puris-postgresql-0,76279808
2026-10-10T12:24:04.001Z,postgresql,customer,puris-postgresql-0,76353536
2026-10-10T12:24:19.001Z,postgresql,customer,puris-postgresql-0,77176832
2026-10-10T12:24:34.001Z,postgresql,customer,puris-postgresql-0,76623872
2026-10-10T12:24:49.001Z,postgresql,customer,puris-postgresql-0,77602816
2026-10-10T12:25:04.001Z,postgresql,customer,puris-postgresql-0,79327232
2026-10-10T12:25:19.001Z,postgresql,customer,puris-postgresql-0,80732160
2026-10-10T12:25:34.001Z,postgresql,customer,puris-postgresql-0,78512128
2026-10-10T12:25:49.001Z,postgresql,customer,puris-postgresql-0,78852096
2026-10-10T12:26:04.001Z,postgresql,customer,puris-postgresql-0,78811136
2026-10-10T12:26:19.001Z,postgresql,customer,puris-postgresql-0,79003648
2026-10-10T12:26:34.001Z,postgresql,customer,puris-postgresql-0,78639104
2026-10-10T12:26:49.001Z,postgresql,customer,puris-postgresql-0,78901248
2026-10-10T12:27:04.001Z,postgresql,customer,puris-postgresql-0,79388672
2026-10-10T12:27:19.001Z,postgresql,customer,puris-postgresql-0,79040512
2026-10-10T12:27:34.001Z,postgresql,customer,puris-postgresql-0,85147648
2026-10-10T12:27:49.001Z,postgresql,customer,puris-postgresql-0,85147648
2026-10-10T12:28:04.001Z,postgresql,customer,puris-postgresql-0,78876672
2026-10-10T12:28:19.001Z,postgresql,customer,puris-postgresql-0,79130624
2026-10-10T12:28:34.001Z,postgresql,customer,puris-postgresql-0,79187968
2026-10-10T12:28:49.001Z,postgresql,customer,puris-postgresql-0,79712256
2026-10-10T12:29:04.001Z,postgresql,customer,puris-postgresql-0,79458304
2026-10-10T12:29:19.001Z,postgresql,customer,puris-postgresql-0,81268736
2026-10-10T12:29:34.001Z,postgresql,customer,puris-postgresql-0,78962688
2026-10-10T12:29:49.001Z,postgresql,customer,puris-postgresql-0,78979072
2026-10-10T12:30:04.001Z,postgresql,customer,puris-postgresql-0,79753216
2026-10-10T12:30:19.001Z,postgresql,customer,puris-postgresql-0,79499264
2026-10-10T12:30:34.001Z,postgresql,customer,puris-postgresql-0,79249408
2026-10-10T12:30:49.001Z,postgresql,customer,puris-postgresql-0,79245312
2026-10-10T12:31:04.001Z,postgresql,customer,puris-postgresql-0,80027648
2026-10-10T12:31:19.001Z,postgresql,customer,puris-postgresql-0,79249408
2026-10-10T12:31:34.001Z,postgresql,customer,puris-postgresql-0,79781888
2026-10-10T12:31:49.001Z,postgresql,customer,puris-postgresql-0,80543744
2026-10-10T12:32:04.001Z,postgresql,customer,puris-postgresql-0,80310272
2026-10-10T12:32:19.001Z,postgresql,customer,puris-postgresql-0,79011840
2026-10-10T12:32:34.001Z,postgresql,customer,puris-postgresql-0,79532032
2026-10-10T12:32:49.001Z,postgresql,customer,puris-postgresql-0,79540224
2026-10-10T12:33:04.001Z,postgresql,customer,puris-postgresql-0,79269888
2026-10-10T12:33:19.001Z,postgresql,customer,puris-postgresql-0,80310272
2026-10-10T12:33:34.001Z,postgresql,customer,puris-postgresql-0,79548416
2026-10-10T12:33:49.001Z,postgresql,customer,puris-postgresql-0,80670720
2026-10-10T12:34:04.001Z,postgresql,customer,puris-postgresql-0,79015936
2026-10-10T12:34:19.001Z,postgresql,customer,puris-postgresql-0,79015936
2026-10-10T12:34:34.001Z,postgresql,customer,puris-postgresql-0,79900672
2026-10-10T12:34:49.001Z,postgresql,customer,puris-postgresql-0,79306752
2026-10-10T12:35:04.001Z,postgresql,customer,puris-postgresql-0,79306752
2026-10-10T12:35:19.001Z,postgresql,customer,puris-postgresql-0,79613952
2026-10-10T12:35:34.001Z,postgresql,customer,puris-postgresql-0,79650816
2026-10-10T12:35:49.001Z,postgresql,customer,puris-postgresql-0,79417344
2026-10-10T12:36:04.001Z,postgresql,customer,puris-postgresql-0,79699968
2026-10-10T12:36:19.001Z,postgresql,customer,puris-postgresql-0,79921152
2026-10-10T12:36:34.001Z,postgresql,customer,puris-postgresql-0,79974400
2026-10-10T12:36:49.001Z,postgresql,customer,puris-postgresql-0,80195584
2026-10-10T12:37:04.001Z,postgresql,customer,puris-postgresql-0,82083840
2026-10-10T12:37:19.001Z,postgresql,customer,puris-postgresql-0,80777216
2026-10-10T12:37:34.001Z,postgresql,customer,puris-postgresql-0,81035264
2026-10-10T12:37:49.001Z,postgresql,customer,puris-postgresql-0,81293312
2026-10-10T12:38:04.001Z,postgresql,customer,puris-postgresql-0,81326080
2026-10-10T12:38:19.001Z,postgresql,customer,puris-postgresql-0,80252928
2026-10-10T12:38:34.001Z,postgresql,customer,puris-postgresql-0,80252928
2026-10-10T12:38:49.001Z,postgresql,customer,puris-postgresql-0,80900096
2026-10-10T12:39:04.001Z,postgresql,customer,puris-postgresql-0,84029440
2026-10-10T12:39:19.001Z,postgresql,customer,puris-postgresql-0,80793600
2026-10-10T12:39:34.001Z,postgresql,customer,puris-postgresql-0,81031168
2026-10-10T12:39:49.001Z,postgresql,customer,puris-postgresql-0,80777216
2026-10-10T12:40:04.001Z,postgresql,customer,puris-postgresql-0,81092608
2026-10-10T12:40:19.001Z,postgresql,customer,puris-postgresql-0,81358848
2026-10-10T12:40:34.001Z,postgresql,customer,puris-postgresql-0,80424960
2026-10-10T12:40:49.001Z,postgresql,customer,puris-postgresql-0,81166336
2026-10-10T12:41:04.001Z,postgresql,customer,puris-postgresql-0,81104896
2026-10-10T12:41:19.001Z,postgresql,customer,puris-postgresql-0,80936960
2026-10-10T12:41:34.001Z,postgresql,customer,puris-postgresql-0,80568320
2026-10-10T12:41:49.001Z,postgresql,customer,puris-postgresql-0,81358848
2026-10-10T12:42:04.001Z,postgresql,customer,puris-postgresql-0,80846848
2026-10-10T12:42:19.001Z,postgresql,customer,puris-postgresql-0,81346560
2026-10-10T12:42:34.001Z,postgresql,customer,puris-postgresql-0,80830464
2026-10-10T12:42:49.001Z,postgresql,customer,puris-postgresql-0,81317888
2026-10-10T12:43:04.001Z,postgresql,customer,puris-postgresql-0,85573632
2026-10-10T12:43:19.001Z,postgresql,customer,puris-postgresql-0,84819968
2026-10-10T12:43:34.001Z,postgresql,customer,puris-postgresql-0,83177472
2026-10-10T12:43:49.001Z,postgresql,customer,puris-postgresql-0,86736896
2026-10-10T12:44:04.001Z,postgresql,customer,puris-postgresql-0,85250048
2026-10-10T12:44:19.001Z,postgresql,customer,puris-postgresql-0,86020096
2026-10-10T12:44:34.001Z,postgresql,customer,puris-postgresql-0,85004288
2026-10-10T12:44:49.001Z,postgresql,customer,puris-postgresql-0,85311488
2026-10-10T12:45:04.001Z,postgresql,customer,puris-postgresql-0,83144704
2026-10-10T12:45:19.001Z,postgresql,customer,puris-postgresql-0,81682432
2026-10-10T12:45:34.001Z,postgresql,customer,puris-postgresql-0,80289792
2026-10-10T12:45:49.001Z,postgresql,customer,puris-postgresql-0,79859712
2026-10-10T12:46:04.001Z,postgresql,customer,puris-postgresql-0,79122432
2026-10-10T12:46:19.001Z,postgresql,customer,puris-postgresql-0,79384576
2026-10-10T12:46:34.001Z,postgresql,customer,puris-postgresql-0,79384576
2026-10-10T12:46:49.001Z,postgresql,customer,puris-postgresql-0,79925248
2026-10-10T12:47:04.001Z,postgresql,customer,puris-postgresql-0,78954496
2026-10-10T12:47:19.001Z,postgresql,customer,puris-postgresql-0,80699392
2026-10-10T12:47:34.001Z,postgresql,customer,puris-postgresql-0,77660160
2026-10-10T12:47:49.001Z,postgresql,customer,puris-postgresql-0,78491648
2026-10-10T12:48:04.001Z,postgresql,customer,puris-postgresql-0,77692928
2026-10-10T12:48:19.001Z,postgresql,customer,puris-postgresql-0,78716928
2026-10-10T12:48:34.001Z,postgresql,customer,puris-postgresql-0,82710528
2026-10-10T12:48:49.001Z,postgresql,customer,puris-postgresql-0,82743296
2026-10-10T12:49:04.001Z,postgresql,customer,puris-postgresql-0,82964480
2026-10-10T12:49:19.001Z,postgresql,customer,puris-postgresql-0,80384000
2026-10-10T12:49:34.001Z,postgresql,customer,puris-postgresql-0,80969728
2026-10-10T12:49:49.001Z,postgresql,customer,puris-postgresql-0,80474112
2026-10-10T12:50:04.001Z,postgresql,customer,puris-postgresql-0,80719872
2026-10-10T12:50:19.001Z,postgresql,customer,puris-postgresql-0,79437824
2026-10-10T12:50:34.001Z,postgresql,customer,puris-postgresql-0,78352384
2026-10-10T12:50:49.001Z,postgresql,customer,puris-postgresql-0,78135296
2026-10-10T12:51:04.001Z,postgresql,customer,puris-postgresql-0,78135296
2026-10-10T12:51:19.001Z,postgresql,customer,puris-postgresql-0,78139392
2026-10-10T12:51:34.001Z,postgresql,customer,puris-postgresql-0,78135296
2026-10-10T12:51:49.001Z,postgresql,customer,puris-postgresql-0,79851520
2026-10-10T12:52:04.001Z,postgresql,customer,puris-postgresql-0,79515648
2026-10-10T12:52:19.001Z,postgresql,customer,puris-postgresql-0,80392192
2026-10-10T12:52:34.001Z,postgresql,customer,puris-postgresql-0,80392192
2026-10-10T12:52:49.001Z,postgresql,customer,puris-postgresql-0,78655488
2026-10-10T12:53:04.001Z,postgresql,customer,puris-postgresql-0,78917632
2026-10-10T12:53:19.001Z,postgresql,customer,puris-postgresql-0,78143488
2026-10-10T12:53:34.001Z,postgresql,customer,puris-postgresql-0,78716928
2026-10-10T12:53:49.001Z,postgresql,customer,puris-postgresql-0,78376960
2026-10-10T12:54:04.001Z,postgresql,customer,puris-postgresql-0,78893056
2026-10-10T12:54:19.001Z,postgresql,customer,puris-postgresql-0,78135296
2026-10-10T12:54:34.001Z,postgresql,customer,puris-postgresql-0,78573568
2026-10-10T12:54:49.001Z,postgresql,customer,puris-postgresql-0,78680064
2026-10-10T12:55:04.001Z,postgresql,customer,puris-postgresql-0,79450112
2026-10-10T12:55:19.001Z,postgresql,customer,puris-postgresql-0,79704064
2026-10-10T12:55:34.001Z,postgresql,customer,puris-postgresql-0,79704064
2026-10-10T12:55:49.001Z,postgresql,customer,puris-postgresql-0,78151680
2026-10-10T12:56:04.001Z,postgresql,customer,puris-postgresql-0,78397440
2026-10-10T12:56:19.001Z,postgresql,customer,puris-postgresql-0,78413824
2026-10-10T12:56:34.001Z,postgresql,customer,puris-postgresql-0,78151680
2026-10-10T12:56:49.001Z,postgresql,customer,puris-postgresql-0,78151680
2026-10-10T12:57:04.001Z,postgresql,customer,puris-postgresql-0,81211392
2026-10-10T12:57:19.001Z,postgresql,customer,puris-postgresql-0,78151680
2026-10-10T12:22:49.001Z,postgresql,identity,wallet-postgres-0,67715072
2026-10-10T12:23:04.001Z,postgresql,identity,wallet-postgres-0,66363392
2026-10-10T12:23:19.001Z,postgresql,identity,wallet-postgres-0,66596864
2026-10-10T12:23:34.001Z,postgresql,identity,wallet-postgres-0,66600960
2026-10-10T12:23:49.001Z,postgresql,identity,wallet-postgres-0,67096576
2026-10-10T12:24:04.001Z,postgresql,identity,wallet-postgres-0,67092480
2026-10-10T12:24:19.001Z,postgresql,identity,wallet-postgres-0,66363392
2026-10-10T12:24:34.001Z,postgresql,identity,wallet-postgres-0,67448832
2026-10-10T12:24:49.001Z,postgresql,identity,wallet-postgres-0,67076096
2026-10-10T12:25:04.001Z,postgresql,identity,wallet-postgres-0,66625536
2026-10-10T12:25:19.001Z,postgresql,identity,wallet-postgres-0,66367488
2026-10-10T12:25:34.001Z,postgresql,identity,wallet-postgres-0,66883584
2026-10-10T12:25:49.001Z,postgresql,identity,wallet-postgres-0,66887680
2026-10-10T12:26:04.001Z,postgresql,identity,wallet-postgres-0,66617344
2026-10-10T12:26:19.001Z,postgresql,identity,wallet-postgres-0,66916352
2026-10-10T12:26:34.001Z,postgresql,identity,wallet-postgres-0,66916352
2026-10-10T12:26:49.001Z,postgresql,identity,wallet-postgres-0,67203072
2026-10-10T12:27:04.001Z,postgresql,identity,wallet-postgres-0,66633728
2026-10-10T12:27:19.001Z,postgresql,identity,wallet-postgres-0,66363392
2026-10-10T12:27:34.001Z,postgresql,identity,wallet-postgres-0,66363392
2026-10-10T12:27:49.001Z,postgresql,identity,wallet-postgres-0,66633728
2026-10-10T12:28:04.001Z,postgresql,identity,wallet-postgres-0,66625536
2026-10-10T12:28:19.001Z,postgresql,identity,wallet-postgres-0,66662400
2026-10-10T12:28:34.001Z,postgresql,identity,wallet-postgres-0,66629632
2026-10-10T12:28:49.001Z,postgresql,identity,wallet-postgres-0,68423680
2026-10-10T12:29:04.001Z,postgresql,identity,wallet-postgres-0,66371584
2026-10-10T12:29:19.001Z,postgresql,identity,wallet-postgres-0,66379776
2026-10-10T12:29:34.001Z,postgresql,identity,wallet-postgres-0,66854912
2026-10-10T12:29:49.001Z,postgresql,identity,wallet-postgres-0,66854912
2026-10-10T12:30:04.001Z,postgresql,identity,wallet-postgres-0,68145152
2026-10-10T12:30:19.001Z,postgresql,identity,wallet-postgres-0,67637248
2026-10-10T12:30:34.001Z,postgresql,identity,wallet-postgres-0,66592768
2026-10-10T12:30:49.001Z,postgresql,identity,wallet-postgres-0,66363392
2026-10-10T12:31:04.001Z,postgresql,identity,wallet-postgres-0,70389760
2026-10-10T12:31:19.001Z,postgresql,identity,wallet-postgres-0,66367488
2026-10-10T12:31:34.001Z,postgresql,identity,wallet-postgres-0,66633728
2026-10-10T12:31:49.001Z,postgresql,identity,wallet-postgres-0,66662400
2026-10-10T12:32:04.001Z,postgresql,identity,wallet-postgres-0,66887680
2026-10-10T12:32:19.001Z,postgresql,identity,wallet-postgres-0,71335936
2026-10-10T12:32:34.001Z,postgresql,identity,wallet-postgres-0,67403776
2026-10-10T12:32:49.001Z,postgresql,identity,wallet-postgres-0,68620288
2026-10-10T12:33:04.001Z,postgresql,identity,wallet-postgres-0,67727360
2026-10-10T12:33:19.001Z,postgresql,identity,wallet-postgres-0,67727360
2026-10-10T12:33:34.001Z,postgresql,identity,wallet-postgres-0,66621440
2026-10-10T12:33:49.001Z,postgresql,identity,wallet-postgres-0,66736128
2026-10-10T12:34:04.001Z,postgresql,identity,wallet-postgres-0,67637248
2026-10-10T12:34:19.001Z,postgresql,identity,wallet-postgres-0,67076096
2026-10-10T12:34:34.001Z,postgresql,identity,wallet-postgres-0,66711552
2026-10-10T12:34:49.001Z,postgresql,identity,wallet-postgres-0,66711552
2026-10-10T12:35:04.001Z,postgresql,identity,wallet-postgres-0,68161536
2026-10-10T12:35:19.001Z,postgresql,identity,wallet-postgres-0,66617344
2026-10-10T12:35:34.001Z,postgresql,identity,wallet-postgres-0,66641920
2026-10-10T12:35:49.001Z,postgresql,identity,wallet-postgres-0,66772992
2026-10-10T12:36:04.001Z,postgresql,identity,wallet-postgres-0,66772992
2026-10-10T12:36:19.001Z,postgresql,identity,wallet-postgres-0,66371584
2026-10-10T12:36:34.001Z,postgresql,identity,wallet-postgres-0,66371584
2026-10-10T12:36:49.001Z,postgresql,identity,wallet-postgres-0,66625536
2026-10-10T12:37:04.001Z,postgresql,identity,wallet-postgres-0,66895872
2026-10-10T12:37:19.001Z,postgresql,identity,wallet-postgres-0,67158016
2026-10-10T12:37:34.001Z,postgresql,identity,wallet-postgres-0,66633728
2026-10-10T12:37:49.001Z,postgresql,identity,wallet-postgres-0,66564096
2026-10-10T12:38:04.001Z,postgresql,identity,wallet-postgres-0,66371584
2026-10-10T12:38:19.001Z,postgresql,identity,wallet-postgres-0,65748992
2026-10-10T12:38:34.001Z,postgresql,identity,wallet-postgres-0,66031616
2026-10-10T12:38:49.001Z,postgresql,identity,wallet-postgres-0,64880640
2026-10-10T12:39:04.001Z,postgresql,identity,wallet-postgres-0,64606208
2026-10-10T12:39:19.001Z,postgresql,identity,wallet-postgres-0,64331776
2026-10-10T12:39:34.001Z,postgresql,identity,wallet-postgres-0,64331776
2026-10-10T12:39:49.001Z,postgresql,identity,wallet-postgres-0,64389120
2026-10-10T12:40:04.001Z,postgresql,identity,wallet-postgres-0,64012288
2026-10-10T12:40:19.001Z,postgresql,identity,wallet-postgres-0,64012288
2026-10-10T12:40:34.001Z,postgresql,identity,wallet-postgres-0,64012288
2026-10-10T12:40:49.001Z,postgresql,identity,wallet-postgres-0,64012288
2026-10-10T12:41:04.001Z,postgresql,identity,wallet-postgres-0,64012288
2026-10-10T12:41:19.001Z,postgresql,identity,wallet-postgres-0,64012288
2026-10-10T12:41:34.001Z,postgresql,identity,wallet-postgres-0,65638400
2026-10-10T12:41:49.001Z,postgresql,identity,wallet-postgres-0,64139264
2026-10-10T12:42:04.001Z,postgresql,identity,wallet-postgres-0,64790528
2026-10-10T12:42:19.001Z,postgresql,identity,wallet-postgres-0,64012288
2026-10-10T12:42:34.001Z,postgresql,identity,wallet-postgres-0,64061440
2026-10-10T12:42:49.001Z,postgresql,identity,wallet-postgres-0,64819200
2026-10-10T12:43:04.001Z,postgresql,identity,wallet-postgres-0,65916928
2026-10-10T12:43:19.001Z,postgresql,identity,wallet-postgres-0,66465792
2026-10-10T12:43:34.001Z,postgresql,identity,wallet-postgres-0,66658304
2026-10-10T12:43:49.001Z,postgresql,identity,wallet-postgres-0,66674688
2026-10-10T12:44:04.001Z,postgresql,identity,wallet-postgres-0,66674688
2026-10-10T12:44:19.001Z,postgresql,identity,wallet-postgres-0,65900544
2026-10-10T12:44:34.001Z,postgresql,identity,wallet-postgres-0,66920448
2026-10-10T12:44:49.001Z,postgresql,identity,wallet-postgres-0,66674688
2026-10-10T12:45:04.001Z,postgresql,identity,wallet-postgres-0,67706880
2026-10-10T12:45:19.001Z,postgresql,identity,wallet-postgres-0,66445312
2026-10-10T12:45:34.001Z,postgresql,identity,wallet-postgres-0,66973696
2026-10-10T12:45:49.001Z,postgresql,identity,wallet-postgres-0,66441216
2026-10-10T12:46:04.001Z,postgresql,identity,wallet-postgres-0,66686976
2026-10-10T12:46:19.001Z,postgresql,identity,wallet-postgres-0,67203072
2026-10-10T12:46:34.001Z,postgresql,identity,wallet-postgres-0,66453504
2026-10-10T12:46:49.001Z,postgresql,identity,wallet-postgres-0,66453504
2026-10-10T12:47:04.001Z,postgresql,identity,wallet-postgres-0,66711552
2026-10-10T12:47:19.001Z,postgresql,identity,wallet-postgres-0,66682880
2026-10-10T12:47:34.001Z,postgresql,identity,wallet-postgres-0,66457600
2026-10-10T12:47:49.001Z,postgresql,identity,wallet-postgres-0,66473984
2026-10-10T12:48:04.001Z,postgresql,identity,wallet-postgres-0,68497408
2026-10-10T12:48:19.001Z,postgresql,identity,wallet-postgres-0,66736128
2026-10-10T12:48:34.001Z,postgresql,identity,wallet-postgres-0,66736128
2026-10-10T12:48:49.001Z,postgresql,identity,wallet-postgres-0,66236416
2026-10-10T12:49:04.001Z,postgresql,identity,wallet-postgres-0,66949120
2026-10-10T12:49:19.001Z,postgresql,identity,wallet-postgres-0,66457600
2026-10-10T12:49:34.001Z,postgresql,identity,wallet-postgres-0,66207744
2026-10-10T12:49:49.001Z,postgresql,identity,wallet-postgres-0,66199552
2026-10-10T12:50:04.001Z,postgresql,identity,wallet-postgres-0,66461696
2026-10-10T12:50:19.001Z,postgresql,identity,wallet-postgres-0,66469888
2026-10-10T12:50:34.001Z,postgresql,identity,wallet-postgres-0,66199552
2026-10-10T12:50:49.001Z,postgresql,identity,wallet-postgres-0,66723840
2026-10-10T12:51:04.001Z,postgresql,identity,wallet-postgres-0,67600384
2026-10-10T12:51:19.001Z,postgresql,identity,wallet-postgres-0,67268608
2026-10-10T12:51:34.001Z,postgresql,identity,wallet-postgres-0,66232320
2026-10-10T12:51:49.001Z,postgresql,identity,wallet-postgres-0,66232320
2026-10-10T12:52:04.001Z,postgresql,identity,wallet-postgres-0,66756608
2026-10-10T12:52:19.001Z,postgresql,identity,wallet-postgres-0,66199552
2026-10-10T12:52:34.001Z,postgresql,identity,wallet-postgres-0,66973696
2026-10-10T12:52:49.001Z,postgresql,identity,wallet-postgres-0,66248704
2026-10-10T12:53:04.001Z,postgresql,identity,wallet-postgres-0,66207744
2026-10-10T12:53:19.001Z,postgresql,identity,wallet-postgres-0,67440640
2026-10-10T12:53:34.001Z,postgresql,identity,wallet-postgres-0,66453504
2026-10-10T12:53:49.001Z,postgresql,identity,wallet-postgres-0,66723840
2026-10-10T12:54:04.001Z,postgresql,identity,wallet-postgres-0,66199552
2026-10-10T12:54:19.001Z,postgresql,identity,wallet-postgres-0,66199552
2026-10-10T12:54:34.001Z,postgresql,identity,wallet-postgres-0,66461696
2026-10-10T12:54:49.001Z,postgresql,identity,wallet-postgres-0,66461696
2026-10-10T12:55:04.001Z,postgresql,identity,wallet-postgres-0,67506176
2026-10-10T12:55:19.001Z,postgresql,identity,wallet-postgres-0,66527232
2026-10-10T12:55:34.001Z,postgresql,identity,wallet-postgres-0,66969600
2026-10-10T12:55:49.001Z,postgresql,identity,wallet-postgres-0,67072000
2026-10-10T12:56:04.001Z,postgresql,identity,wallet-postgres-0,67268608
2026-10-10T12:56:19.001Z,postgresql,identity,wallet-postgres-0,67235840
2026-10-10T12:56:34.001Z,postgresql,identity,wallet-postgres-0,67768320
2026-10-10T12:56:49.001Z,postgresql,identity,wallet-postgres-0,67031040
2026-10-10T12:57:04.001Z,postgresql,identity,wallet-postgres-0,66748416
2026-10-10T12:57:19.001Z,postgresql,identity,wallet-postgres-0,66748416
2026-10-10T12:22:49.001Z,postgresql,supplier,dtr-postgresql-0,47398912
2026-10-10T12:23:04.001Z,postgresql,supplier,dtr-postgresql-0,53649408
2026-10-10T12:23:19.001Z,postgresql,supplier,dtr-postgresql-0,47681536
2026-10-10T12:23:34.001Z,postgresql,supplier,dtr-postgresql-0,47624192
2026-10-10T12:23:49.001Z,postgresql,supplier,dtr-postgresql-0,47624192
2026-10-10T12:24:04.001Z,postgresql,supplier,dtr-postgresql-0,48566272
2026-10-10T12:24:19.001Z,postgresql,supplier,dtr-postgresql-0,48103424
2026-10-10T12:24:34.001Z,postgresql,supplier,dtr-postgresql-0,50008064
2026-10-10T12:24:49.001Z,postgresql,supplier,dtr-postgresql-0,48357376
2026-10-10T12:25:04.001Z,postgresql,supplier,dtr-postgresql-0,49754112
2026-10-10T12:25:19.001Z,postgresql,supplier,dtr-postgresql-0,48103424
2026-10-10T12:25:34.001Z,postgresql,supplier,dtr-postgresql-0,48365568
2026-10-10T12:25:49.001Z,postgresql,supplier,dtr-postgresql-0,48103424
2026-10-10T12:26:04.001Z,postgresql,supplier,dtr-postgresql-0,48111616
2026-10-10T12:26:19.001Z,postgresql,supplier,dtr-postgresql-0,48619520
2026-10-10T12:26:34.001Z,postgresql,supplier,dtr-postgresql-0,48107520
2026-10-10T12:26:49.001Z,postgresql,supplier,dtr-postgresql-0,48107520
2026-10-10T12:27:04.001Z,postgresql,supplier,dtr-postgresql-0,48369664
2026-10-10T12:27:19.001Z,postgresql,supplier,dtr-postgresql-0,48369664
2026-10-10T12:27:34.001Z,postgresql,supplier,dtr-postgresql-0,49594368
2026-10-10T12:27:49.001Z,postgresql,supplier,dtr-postgresql-0,48095232
2026-10-10T12:28:04.001Z,postgresql,supplier,dtr-postgresql-0,48357376
2026-10-10T12:28:19.001Z,postgresql,supplier,dtr-postgresql-0,48357376
2026-10-10T12:28:34.001Z,postgresql,supplier,dtr-postgresql-0,48095232
2026-10-10T12:28:49.001Z,postgresql,supplier,dtr-postgresql-0,48095232
2026-10-10T12:29:04.001Z,postgresql,supplier,dtr-postgresql-0,48746496
2026-10-10T12:29:19.001Z,postgresql,supplier,dtr-postgresql-0,50044928
2026-10-10T12:29:34.001Z,postgresql,supplier,dtr-postgresql-0,50335744
2026-10-10T12:29:49.001Z,postgresql,supplier,dtr-postgresql-0,50077696
2026-10-10T12:30:04.001Z,postgresql,supplier,dtr-postgresql-0,50868224
2026-10-10T12:30:19.001Z,postgresql,supplier,dtr-postgresql-0,50868224
2026-10-10T12:30:34.001Z,postgresql,supplier,dtr-postgresql-0,50089984
2026-10-10T12:30:49.001Z,postgresql,supplier,dtr-postgresql-0,50614272
2026-10-10T12:31:04.001Z,postgresql,supplier,dtr-postgresql-0,51138560
2026-10-10T12:31:19.001Z,postgresql,supplier,dtr-postgresql-0,50360320
2026-10-10T12:31:34.001Z,postgresql,supplier,dtr-postgresql-0,50098176
2026-10-10T12:31:49.001Z,postgresql,supplier,dtr-postgresql-0,50352128
2026-10-10T12:32:04.001Z,postgresql,supplier,dtr-postgresql-0,50352128
2026-10-10T12:32:19.001Z,postgresql,supplier,dtr-postgresql-0,50348032
2026-10-10T12:32:34.001Z,postgresql,supplier,dtr-postgresql-0,50352128
2026-10-10T12:32:49.001Z,postgresql,supplier,dtr-postgresql-0,51265536
2026-10-10T12:33:04.001Z,postgresql,supplier,dtr-postgresql-0,51433472
2026-10-10T12:33:19.001Z,postgresql,supplier,dtr-postgresql-0,51445760
2026-10-10T12:33:34.001Z,postgresql,supplier,dtr-postgresql-0,51449856
2026-10-10T12:33:49.001Z,postgresql,supplier,dtr-postgresql-0,53325824
2026-10-10T12:34:04.001Z,postgresql,supplier,dtr-postgresql-0,53329920
2026-10-10T12:34:19.001Z,postgresql,supplier,dtr-postgresql-0,53862400
2026-10-10T12:34:34.001Z,postgresql,supplier,dtr-postgresql-0,54108160
2026-10-10T12:34:49.001Z,postgresql,supplier,dtr-postgresql-0,53329920
2026-10-10T12:35:04.001Z,postgresql,supplier,dtr-postgresql-0,52068352
2026-10-10T12:35:19.001Z,postgresql,supplier,dtr-postgresql-0,52060160
2026-10-10T12:35:34.001Z,postgresql,supplier,dtr-postgresql-0,52060160
2026-10-10T12:35:49.001Z,postgresql,supplier,dtr-postgresql-0,55472128
2026-10-10T12:36:04.001Z,postgresql,supplier,dtr-postgresql-0,56700928
2026-10-10T12:36:19.001Z,postgresql,supplier,dtr-postgresql-0,56897536
2026-10-10T12:36:34.001Z,postgresql,supplier,dtr-postgresql-0,56897536
2026-10-10T12:36:49.001Z,postgresql,supplier,dtr-postgresql-0,56037376
2026-10-10T12:37:04.001Z,postgresql,supplier,dtr-postgresql-0,55758848
2026-10-10T12:37:19.001Z,postgresql,supplier,dtr-postgresql-0,58134528
2026-10-10T12:37:34.001Z,postgresql,supplier,dtr-postgresql-0,58167296
2026-10-10T12:37:49.001Z,postgresql,supplier,dtr-postgresql-0,58228736
2026-10-10T12:38:04.001Z,postgresql,supplier,dtr-postgresql-0,58228736
2026-10-10T12:38:19.001Z,postgresql,supplier,dtr-postgresql-0,58044416
2026-10-10T12:38:34.001Z,postgresql,supplier,dtr-postgresql-0,58044416
2026-10-10T12:38:49.001Z,postgresql,supplier,dtr-postgresql-0,58167296
2026-10-10T12:39:04.001Z,postgresql,supplier,dtr-postgresql-0,56320000
2026-10-10T12:39:19.001Z,postgresql,supplier,dtr-postgresql-0,56049664
2026-10-10T12:39:34.001Z,postgresql,supplier,dtr-postgresql-0,54079488
2026-10-10T12:39:49.001Z,postgresql,supplier,dtr-postgresql-0,50532352
2026-10-10T12:40:04.001Z,postgresql,supplier,dtr-postgresql-0,50532352
2026-10-10T12:40:19.001Z,postgresql,supplier,dtr-postgresql-0,49078272
2026-10-10T12:40:34.001Z,postgresql,supplier,dtr-postgresql-0,49082368
2026-10-10T12:40:49.001Z,postgresql,supplier,dtr-postgresql-0,47124480
2026-10-10T12:41:04.001Z,postgresql,supplier,dtr-postgresql-0,47333376
2026-10-10T12:41:19.001Z,postgresql,supplier,dtr-postgresql-0,47333376
2026-10-10T12:41:34.001Z,postgresql,supplier,dtr-postgresql-0,47120384
2026-10-10T12:41:49.001Z,postgresql,supplier,dtr-postgresql-0,47628288
2026-10-10T12:42:04.001Z,postgresql,supplier,dtr-postgresql-0,47628288
2026-10-10T12:42:19.001Z,postgresql,supplier,dtr-postgresql-0,48087040
2026-10-10T12:42:34.001Z,postgresql,supplier,dtr-postgresql-0,48095232
2026-10-10T12:42:49.001Z,postgresql,supplier,dtr-postgresql-0,48107520
2026-10-10T12:43:04.001Z,postgresql,supplier,dtr-postgresql-0,48103424
2026-10-10T12:43:19.001Z,postgresql,supplier,dtr-postgresql-0,53420032
2026-10-10T12:43:34.001Z,postgresql,supplier,dtr-postgresql-0,48099328
2026-10-10T12:43:49.001Z,postgresql,supplier,dtr-postgresql-0,48095232
2026-10-10T12:44:04.001Z,postgresql,supplier,dtr-postgresql-0,50040832
2026-10-10T12:44:19.001Z,postgresql,supplier,dtr-postgresql-0,48099328
2026-10-10T12:44:34.001Z,postgresql,supplier,dtr-postgresql-0,48242688
2026-10-10T12:44:49.001Z,postgresql,supplier,dtr-postgresql-0,48099328
2026-10-10T12:45:04.001Z,postgresql,supplier,dtr-postgresql-0,48103424
2026-10-10T12:45:19.001Z,postgresql,supplier,dtr-postgresql-0,48103424
2026-10-10T12:45:34.001Z,postgresql,supplier,dtr-postgresql-0,47968256
2026-10-10T12:45:49.001Z,postgresql,supplier,dtr-postgresql-0,48361472
2026-10-10T12:46:04.001Z,postgresql,supplier,dtr-postgresql-0,48410624
2026-10-10T12:46:19.001Z,postgresql,supplier,dtr-postgresql-0,48095232
2026-10-10T12:46:34.001Z,postgresql,supplier,dtr-postgresql-0,53547008
2026-10-10T12:46:49.001Z,postgresql,supplier,dtr-postgresql-0,48111616
2026-10-10T12:47:04.001Z,postgresql,supplier,dtr-postgresql-0,48103424
2026-10-10T12:47:19.001Z,postgresql,supplier,dtr-postgresql-0,48107520
2026-10-10T12:47:34.001Z,postgresql,supplier,dtr-postgresql-0,50864128
2026-10-10T12:47:49.001Z,postgresql,supplier,dtr-postgresql-0,48476160
2026-10-10T12:48:04.001Z,postgresql,supplier,dtr-postgresql-0,48103424
2026-10-10T12:48:19.001Z,postgresql,supplier,dtr-postgresql-0,49332224
2026-10-10T12:48:34.001Z,postgresql,supplier,dtr-postgresql-0,49827840
2026-10-10T12:48:49.001Z,postgresql,supplier,dtr-postgresql-0,50257920
2026-10-10T12:49:04.001Z,postgresql,supplier,dtr-postgresql-0,49340416
2026-10-10T12:49:19.001Z,postgresql,supplier,dtr-postgresql-0,49336320
2026-10-10T12:49:34.001Z,postgresql,supplier,dtr-postgresql-0,49328128
2026-10-10T12:49:49.001Z,postgresql,supplier,dtr-postgresql-0,49328128
2026-10-10T12:50:04.001Z,postgresql,supplier,dtr-postgresql-0,49369088
2026-10-10T12:50:19.001Z,postgresql,supplier,dtr-postgresql-0,49369088
2026-10-10T12:50:34.001Z,postgresql,supplier,dtr-postgresql-0,55734272
2026-10-10T12:50:49.001Z,postgresql,supplier,dtr-postgresql-0,49360896
2026-10-10T12:51:04.001Z,postgresql,supplier,dtr-postgresql-0,49364992
2026-10-10T12:51:19.001Z,postgresql,supplier,dtr-postgresql-0,49364992
2026-10-10T12:51:34.001Z,postgresql,supplier,dtr-postgresql-0,49364992
2026-10-10T12:51:49.001Z,postgresql,supplier,dtr-postgresql-0,49369088
2026-10-10T12:52:04.001Z,postgresql,supplier,dtr-postgresql-0,49369088
2026-10-10T12:52:19.001Z,postgresql,supplier,dtr-postgresql-0,49373184
2026-10-10T12:52:34.001Z,postgresql,supplier,dtr-postgresql-0,49369088
2026-10-10T12:52:49.001Z,postgresql,supplier,dtr-postgresql-0,50352128
2026-10-10T12:53:04.001Z,postgresql,supplier,dtr-postgresql-0,49356800
2026-10-10T12:53:19.001Z,postgresql,supplier,dtr-postgresql-0,49356800
2026-10-10T12:53:34.001Z,postgresql,supplier,dtr-postgresql-0,49360896
2026-10-10T12:53:49.001Z,postgresql,supplier,dtr-postgresql-0,50348032
2026-10-10T12:54:04.001Z,postgresql,supplier,dtr-postgresql-0,49356800
2026-10-10T12:54:19.001Z,postgresql,supplier,dtr-postgresql-0,49360896
2026-10-10T12:54:34.001Z,postgresql,supplier,dtr-postgresql-0,49360896
2026-10-10T12:54:49.001Z,postgresql,supplier,dtr-postgresql-0,49364992
2026-10-10T12:55:04.001Z,postgresql,supplier,dtr-postgresql-0,49631232
2026-10-10T12:55:19.001Z,postgresql,supplier,dtr-postgresql-0,49369088
2026-10-10T12:55:34.001Z,postgresql,supplier,dtr-postgresql-0,49373184
2026-10-10T12:55:49.001Z,postgresql,supplier,dtr-postgresql-0,49373184
2026-10-10T12:56:04.001Z,postgresql,supplier,dtr-postgresql-0,49381376
2026-10-10T12:56:19.001Z,postgresql,supplier,dtr-postgresql-0,49381376
2026-10-10T12:56:34.001Z,postgresql,supplier,dtr-postgresql-0,49369088
2026-10-10T12:56:49.001Z,postgresql,supplier,dtr-postgresql-0,50167808
2026-10-10T12:57:04.001Z,postgresql,supplier,dtr-postgresql-0,49360896
2026-10-10T12:57:19.001Z,postgresql,supplier,dtr-postgresql-0,49352704
2026-10-10T12:22:49.001Z,postgresql,supplier,edc-postgresql-0,50724864
2026-10-10T12:23:04.001Z,postgresql,supplier,edc-postgresql-0,51245056
2026-10-10T12:23:19.001Z,postgresql,supplier,edc-postgresql-0,51318784
2026-10-10T12:23:34.001Z,postgresql,supplier,edc-postgresql-0,51318784
2026-10-10T12:23:49.001Z,postgresql,supplier,edc-postgresql-0,51269632
2026-10-10T12:24:04.001Z,postgresql,supplier,edc-postgresql-0,51277824
2026-10-10T12:24:19.001Z,postgresql,supplier,edc-postgresql-0,50774016
2026-10-10T12:24:34.001Z,postgresql,supplier,edc-postgresql-0,51531776
2026-10-10T12:24:49.001Z,postgresql,supplier,edc-postgresql-0,52019200
2026-10-10T12:25:04.001Z,postgresql,supplier,edc-postgresql-0,51986432
2026-10-10T12:25:19.001Z,postgresql,supplier,edc-postgresql-0,52797440
2026-10-10T12:25:34.001Z,postgresql,supplier,edc-postgresql-0,52232192
2026-10-10T12:25:49.001Z,postgresql,supplier,edc-postgresql-0,51417088
2026-10-10T12:26:04.001Z,postgresql,supplier,edc-postgresql-0,52666368
2026-10-10T12:26:19.001Z,postgresql,supplier,edc-postgresql-0,52350976
2026-10-10T12:26:34.001Z,postgresql,supplier,edc-postgresql-0,53182464
2026-10-10T12:26:49.001Z,postgresql,supplier,edc-postgresql-0,52703232
2026-10-10T12:27:04.001Z,postgresql,supplier,edc-postgresql-0,53309440
2026-10-10T12:27:19.001Z,postgresql,supplier,edc-postgresql-0,52723712
2026-10-10T12:27:34.001Z,postgresql,supplier,edc-postgresql-0,51376128
2026-10-10T12:27:49.001Z,postgresql,supplier,edc-postgresql-0,53108736
2026-10-10T12:28:04.001Z,postgresql,supplier,edc-postgresql-0,52404224
2026-10-10T12:28:19.001Z,postgresql,supplier,edc-postgresql-0,51740672
2026-10-10T12:28:34.001Z,postgresql,supplier,edc-postgresql-0,52412416
2026-10-10T12:28:49.001Z,postgresql,supplier,edc-postgresql-0,52027392
2026-10-10T12:29:04.001Z,postgresql,supplier,edc-postgresql-0,52944896
2026-10-10T12:29:19.001Z,postgresql,supplier,edc-postgresql-0,52944896
2026-10-10T12:29:34.001Z,postgresql,supplier,edc-postgresql-0,57819136
2026-10-10T12:29:49.001Z,postgresql,supplier,edc-postgresql-0,55816192
2026-10-10T12:30:04.001Z,postgresql,supplier,edc-postgresql-0,55336960
2026-10-10T12:30:19.001Z,postgresql,supplier,edc-postgresql-0,55455744
2026-10-10T12:30:34.001Z,postgresql,supplier,edc-postgresql-0,56111104
2026-10-10T12:30:49.001Z,postgresql,supplier,edc-postgresql-0,55603200
2026-10-10T12:31:04.001Z,postgresql,supplier,edc-postgresql-0,55582720
2026-10-10T12:31:19.001Z,postgresql,supplier,edc-postgresql-0,56295424
2026-10-10T12:31:34.001Z,postgresql,supplier,edc-postgresql-0,57765888
2026-10-10T12:31:49.001Z,postgresql,supplier,edc-postgresql-0,57815040
2026-10-10T12:32:04.001Z,postgresql,supplier,edc-postgresql-0,57364480
2026-10-10T12:32:19.001Z,postgresql,supplier,edc-postgresql-0,56565760
2026-10-10T12:32:34.001Z,postgresql,supplier,edc-postgresql-0,56324096
2026-10-10T12:32:49.001Z,postgresql,supplier,edc-postgresql-0,57663488
2026-10-10T12:33:04.001Z,postgresql,supplier,edc-postgresql-0,58089472
2026-10-10T12:33:19.001Z,postgresql,supplier,edc-postgresql-0,59461632
2026-10-10T12:33:34.001Z,postgresql,supplier,edc-postgresql-0,58429440
2026-10-10T12:33:49.001Z,postgresql,supplier,edc-postgresql-0,58052608
2026-10-10T12:34:04.001Z,postgresql,supplier,edc-postgresql-0,61095936
2026-10-10T12:34:19.001Z,postgresql,supplier,edc-postgresql-0,60977152
2026-10-10T12:34:34.001Z,postgresql,supplier,edc-postgresql-0,59244544
2026-10-10T12:34:49.001Z,postgresql,supplier,edc-postgresql-0,60256256
2026-10-10T12:35:04.001Z,postgresql,supplier,edc-postgresql-0,60256256
2026-10-10T12:35:19.001Z,postgresql,supplier,edc-postgresql-0,61300736
2026-10-10T12:35:34.001Z,postgresql,supplier,edc-postgresql-0,63971328
2026-10-10T12:35:49.001Z,postgresql,supplier,edc-postgresql-0,68763648
2026-10-10T12:36:04.001Z,postgresql,supplier,edc-postgresql-0,63721472
2026-10-10T12:36:19.001Z,postgresql,supplier,edc-postgresql-0,63401984
2026-10-10T12:36:34.001Z,postgresql,supplier,edc-postgresql-0,67788800
2026-10-10T12:36:49.001Z,postgresql,supplier,edc-postgresql-0,68120576
2026-10-10T12:37:04.001Z,postgresql,supplier,edc-postgresql-0,67964928
2026-10-10T12:37:19.001Z,postgresql,supplier,edc-postgresql-0,68718592
2026-10-10T12:37:34.001Z,postgresql,supplier,edc-postgresql-0,69169152
2026-10-10T12:37:49.001Z,postgresql,supplier,edc-postgresql-0,68378624
2026-10-10T12:38:04.001Z,postgresql,supplier,edc-postgresql-0,69083136
2026-10-10T12:38:19.001Z,postgresql,supplier,edc-postgresql-0,68636672
2026-10-10T12:38:34.001Z,postgresql,supplier,edc-postgresql-0,68870144
2026-10-10T12:38:49.001Z,postgresql,supplier,edc-postgresql-0,68300800
2026-10-10T12:39:04.001Z,postgresql,supplier,edc-postgresql-0,68571136
2026-10-10T12:39:19.001Z,postgresql,supplier,edc-postgresql-0,68050944
2026-10-10T12:39:34.001Z,postgresql,supplier,edc-postgresql-0,69443584
2026-10-10T12:39:49.001Z,postgresql,supplier,edc-postgresql-0,69013504
2026-10-10T12:40:04.001Z,postgresql,supplier,edc-postgresql-0,69210112
2026-10-10T12:40:19.001Z,postgresql,supplier,edc-postgresql-0,68202496
2026-10-10T12:40:34.001Z,postgresql,supplier,edc-postgresql-0,67977216
2026-10-10T12:40:49.001Z,postgresql,supplier,edc-postgresql-0,69726208
2026-10-10T12:41:04.001Z,postgresql,supplier,edc-postgresql-0,69201920
2026-10-10T12:41:19.001Z,postgresql,supplier,edc-postgresql-0,68542464
2026-10-10T12:41:34.001Z,postgresql,supplier,edc-postgresql-0,68218880
2026-10-10T12:41:49.001Z,postgresql,supplier,edc-postgresql-0,67563520
2026-10-10T12:42:04.001Z,postgresql,supplier,edc-postgresql-0,68423680
2026-10-10T12:42:19.001Z,postgresql,supplier,edc-postgresql-0,68751360
2026-10-10T12:42:34.001Z,postgresql,supplier,edc-postgresql-0,69332992
2026-10-10T12:42:49.001Z,postgresql,supplier,edc-postgresql-0,69697536
2026-10-10T12:43:04.001Z,postgresql,supplier,edc-postgresql-0,67624960
2026-10-10T12:43:19.001Z,postgresql,supplier,edc-postgresql-0,66539520
2026-10-10T12:43:34.001Z,postgresql,supplier,edc-postgresql-0,67883008
2026-10-10T12:43:49.001Z,postgresql,supplier,edc-postgresql-0,68911104
2026-10-10T12:44:04.001Z,postgresql,supplier,edc-postgresql-0,73404416
2026-10-10T12:44:19.001Z,postgresql,supplier,edc-postgresql-0,71401472
2026-10-10T12:44:34.001Z,postgresql,supplier,edc-postgresql-0,71618560
2026-10-10T12:44:49.001Z,postgresql,supplier,edc-postgresql-0,72282112
2026-10-10T12:45:04.001Z,postgresql,supplier,edc-postgresql-0,73007104
2026-10-10T12:45:19.001Z,postgresql,supplier,edc-postgresql-0,74784768
2026-10-10T12:45:34.001Z,postgresql,supplier,edc-postgresql-0,74432512
2026-10-10T12:45:49.001Z,postgresql,supplier,edc-postgresql-0,74649600
2026-10-10T12:46:04.001Z,postgresql,supplier,edc-postgresql-0,74276864
2026-10-10T12:46:19.001Z,postgresql,supplier,edc-postgresql-0,74342400
2026-10-10T12:46:34.001Z,postgresql,supplier,edc-postgresql-0,75751424
2026-10-10T12:46:49.001Z,postgresql,supplier,edc-postgresql-0,76169216
2026-10-10T12:47:04.001Z,postgresql,supplier,edc-postgresql-0,75816960
2026-10-10T12:47:19.001Z,postgresql,supplier,edc-postgresql-0,74981376
2026-10-10T12:47:34.001Z,postgresql,supplier,edc-postgresql-0,76136448
2026-10-10T12:47:49.001Z,postgresql,supplier,edc-postgresql-0,76136448
2026-10-10T12:48:04.001Z,postgresql,supplier,edc-postgresql-0,75472896
2026-10-10T12:48:19.001Z,postgresql,supplier,edc-postgresql-0,75190272
2026-10-10T12:48:34.001Z,postgresql,supplier,edc-postgresql-0,74944512
2026-10-10T12:48:49.001Z,postgresql,supplier,edc-postgresql-0,74944512
2026-10-10T12:49:04.001Z,postgresql,supplier,edc-postgresql-0,76972032
2026-10-10T12:49:19.001Z,postgresql,supplier,edc-postgresql-0,77246464
2026-10-10T12:49:34.001Z,postgresql,supplier,edc-postgresql-0,77246464
2026-10-10T12:49:49.001Z,postgresql,supplier,edc-postgresql-0,76533760
2026-10-10T12:50:04.001Z,postgresql,supplier,edc-postgresql-0,76730368
2026-10-10T12:50:19.001Z,postgresql,supplier,edc-postgresql-0,77496320
2026-10-10T12:50:34.001Z,postgresql,supplier,edc-postgresql-0,76988416
2026-10-10T12:50:49.001Z,postgresql,supplier,edc-postgresql-0,75837440
2026-10-10T12:51:04.001Z,postgresql,supplier,edc-postgresql-0,76677120
2026-10-10T12:51:19.001Z,postgresql,supplier,edc-postgresql-0,77123584
2026-10-10T12:51:34.001Z,postgresql,supplier,edc-postgresql-0,77529088
2026-10-10T12:51:49.001Z,postgresql,supplier,edc-postgresql-0,77488128
2026-10-10T12:52:04.001Z,postgresql,supplier,edc-postgresql-0,76632064
2026-10-10T12:52:19.001Z,postgresql,supplier,edc-postgresql-0,76357632
2026-10-10T12:52:34.001Z,postgresql,supplier,edc-postgresql-0,76513280
2026-10-10T12:52:49.001Z,postgresql,supplier,edc-postgresql-0,76972032
2026-10-10T12:53:04.001Z,postgresql,supplier,edc-postgresql-0,76574720
2026-10-10T12:53:19.001Z,postgresql,supplier,edc-postgresql-0,78487552
2026-10-10T12:53:34.001Z,postgresql,supplier,edc-postgresql-0,76849152
2026-10-10T12:53:49.001Z,postgresql,supplier,edc-postgresql-0,78045184
2026-10-10T12:54:04.001Z,postgresql,supplier,edc-postgresql-0,77504512
2026-10-10T12:54:19.001Z,postgresql,supplier,edc-postgresql-0,77398016
2026-10-10T12:54:34.001Z,postgresql,supplier,edc-postgresql-0,77398016
2026-10-10T12:54:49.001Z,postgresql,supplier,edc-postgresql-0,77877248
2026-10-10T12:55:04.001Z,postgresql,supplier,edc-postgresql-0,79073280
2026-10-10T12:55:19.001Z,postgresql,supplier,edc-postgresql-0,77103104
2026-10-10T12:55:34.001Z,postgresql,supplier,edc-postgresql-0,77103104
2026-10-10T12:55:49.001Z,postgresql,supplier,edc-postgresql-0,78934016
2026-10-10T12:56:04.001Z,postgresql,supplier,edc-postgresql-0,78536704
2026-10-10T12:56:19.001Z,postgresql,supplier,edc-postgresql-0,78536704
2026-10-10T12:56:34.001Z,postgresql,supplier,edc-postgresql-0,80986112
2026-10-10T12:56:49.001Z,postgresql,supplier,edc-postgresql-0,81412096
2026-10-10T12:57:04.001Z,postgresql,supplier,edc-postgresql-0,82485248
2026-10-10T12:57:19.001Z,postgresql,supplier,edc-postgresql-0,82485248
2026-10-10T12:22:49.001Z,postgresql,supplier,puris-postgresql-0,75124736
2026-10-10T12:23:04.001Z,postgresql,supplier,puris-postgresql-0,75128832
2026-10-10T12:23:19.001Z,postgresql,supplier,puris-postgresql-0,75862016
2026-10-10T12:23:34.001Z,postgresql,supplier,puris-postgresql-0,75341824
2026-10-10T12:23:49.001Z,postgresql,supplier,puris-postgresql-0,75620352
2026-10-10T12:24:04.001Z,postgresql,supplier,puris-postgresql-0,75399168
2026-10-10T12:24:19.001Z,postgresql,supplier,puris-postgresql-0,75399168
2026-10-10T12:24:34.001Z,postgresql,supplier,puris-postgresql-0,76251136
2026-10-10T12:24:49.001Z,postgresql,supplier,puris-postgresql-0,75116544
2026-10-10T12:25:04.001Z,postgresql,supplier,puris-postgresql-0,74883072
2026-10-10T12:25:19.001Z,postgresql,supplier,puris-postgresql-0,74883072
2026-10-10T12:25:34.001Z,postgresql,supplier,puris-postgresql-0,75030528
2026-10-10T12:25:49.001Z,postgresql,supplier,puris-postgresql-0,75145216
2026-10-10T12:26:04.001Z,postgresql,supplier,puris-postgresql-0,75145216
2026-10-10T12:26:19.001Z,postgresql,supplier,puris-postgresql-0,74883072
2026-10-10T12:26:34.001Z,postgresql,supplier,puris-postgresql-0,74883072
2026-10-10T12:26:49.001Z,postgresql,supplier,puris-postgresql-0,75001856
2026-10-10T12:27:04.001Z,postgresql,supplier,puris-postgresql-0,74883072
2026-10-10T12:27:19.001Z,postgresql,supplier,puris-postgresql-0,74883072
2026-10-10T12:27:34.001Z,postgresql,supplier,puris-postgresql-0,74883072
2026-10-10T12:27:49.001Z,postgresql,supplier,puris-postgresql-0,75145216
2026-10-10T12:28:04.001Z,postgresql,supplier,puris-postgresql-0,74903552
2026-10-10T12:28:19.001Z,postgresql,supplier,puris-postgresql-0,74883072
2026-10-10T12:28:34.001Z,postgresql,supplier,puris-postgresql-0,74883072
2026-10-10T12:28:49.001Z,postgresql,supplier,puris-postgresql-0,74883072
2026-10-10T12:29:04.001Z,postgresql,supplier,puris-postgresql-0,74895360
2026-10-10T12:29:19.001Z,postgresql,supplier,puris-postgresql-0,76062720
2026-10-10T12:29:34.001Z,postgresql,supplier,puris-postgresql-0,74887168
2026-10-10T12:29:49.001Z,postgresql,supplier,puris-postgresql-0,75145216
2026-10-10T12:30:04.001Z,postgresql,supplier,puris-postgresql-0,76017664
2026-10-10T12:30:19.001Z,postgresql,supplier,puris-postgresql-0,74883072
2026-10-10T12:30:34.001Z,postgresql,supplier,puris-postgresql-0,75268096
2026-10-10T12:30:49.001Z,postgresql,supplier,puris-postgresql-0,75694080
2026-10-10T12:31:04.001Z,postgresql,supplier,puris-postgresql-0,75829248
2026-10-10T12:31:19.001Z,postgresql,supplier,puris-postgresql-0,75612160
2026-10-10T12:31:34.001Z,postgresql,supplier,puris-postgresql-0,79577088
2026-10-10T12:31:49.001Z,postgresql,supplier,puris-postgresql-0,75632640
2026-10-10T12:32:04.001Z,postgresql,supplier,puris-postgresql-0,75632640
2026-10-10T12:32:19.001Z,postgresql,supplier,puris-postgresql-0,75632640
2026-10-10T12:32:34.001Z,postgresql,supplier,puris-postgresql-0,75632640
2026-10-10T12:32:49.001Z,postgresql,supplier,puris-postgresql-0,76587008
2026-10-10T12:33:04.001Z,postgresql,supplier,puris-postgresql-0,75894784
2026-10-10T12:33:19.001Z,postgresql,supplier,puris-postgresql-0,75632640
2026-10-10T12:33:34.001Z,postgresql,supplier,puris-postgresql-0,75632640
2026-10-10T12:33:49.001Z,postgresql,supplier,puris-postgresql-0,75718656
2026-10-10T12:34:04.001Z,postgresql,supplier,puris-postgresql-0,75632640
2026-10-10T12:34:19.001Z,postgresql,supplier,puris-postgresql-0,75632640
2026-10-10T12:34:34.001Z,postgresql,supplier,puris-postgresql-0,81420288
2026-10-10T12:34:49.001Z,postgresql,supplier,puris-postgresql-0,76144640
2026-10-10T12:35:04.001Z,postgresql,supplier,puris-postgresql-0,75886592
2026-10-10T12:35:19.001Z,postgresql,supplier,puris-postgresql-0,75632640
2026-10-10T12:35:34.001Z,postgresql,supplier,puris-postgresql-0,78114816
2026-10-10T12:35:49.001Z,postgresql,supplier,puris-postgresql-0,78114816
2026-10-10T12:36:04.001Z,postgresql,supplier,puris-postgresql-0,76156928
2026-10-10T12:36:19.001Z,postgresql,supplier,puris-postgresql-0,75808768
2026-10-10T12:36:34.001Z,postgresql,supplier,puris-postgresql-0,76013568
2026-10-10T12:36:49.001Z,postgresql,supplier,puris-postgresql-0,75636736
2026-10-10T12:37:04.001Z,postgresql,supplier,puris-postgresql-0,77340672
2026-10-10T12:37:19.001Z,postgresql,supplier,puris-postgresql-0,75632640
2026-10-10T12:37:34.001Z,postgresql,supplier,puris-postgresql-0,75886592
2026-10-10T12:37:49.001Z,postgresql,supplier,puris-postgresql-0,75632640
2026-10-10T12:38:04.001Z,postgresql,supplier,puris-postgresql-0,75632640
2026-10-10T12:38:19.001Z,postgresql,supplier,puris-postgresql-0,75636736
2026-10-10T12:38:34.001Z,postgresql,supplier,puris-postgresql-0,75632640
2026-10-10T12:38:49.001Z,postgresql,supplier,puris-postgresql-0,75632640
2026-10-10T12:39:04.001Z,postgresql,supplier,puris-postgresql-0,75632640
2026-10-10T12:39:19.001Z,postgresql,supplier,puris-postgresql-0,75632640
2026-10-10T12:39:34.001Z,postgresql,supplier,puris-postgresql-0,75632640
2026-10-10T12:39:49.001Z,postgresql,supplier,puris-postgresql-0,75632640
2026-10-10T12:40:04.001Z,postgresql,supplier,puris-postgresql-0,75776000
2026-10-10T12:40:19.001Z,postgresql,supplier,puris-postgresql-0,75636736
2026-10-10T12:40:34.001Z,postgresql,supplier,puris-postgresql-0,75632640
2026-10-10T12:40:49.001Z,postgresql,supplier,puris-postgresql-0,75632640
2026-10-10T12:41:04.001Z,postgresql,supplier,puris-postgresql-0,75632640
2026-10-10T12:41:19.001Z,postgresql,supplier,puris-postgresql-0,75632640
2026-10-10T12:41:34.001Z,postgresql,supplier,puris-postgresql-0,75632640
2026-10-10T12:41:49.001Z,postgresql,supplier,puris-postgresql-0,75718656
2026-10-10T12:42:04.001Z,postgresql,supplier,puris-postgresql-0,75632640
2026-10-10T12:42:19.001Z,postgresql,supplier,puris-postgresql-0,75665408
2026-10-10T12:42:34.001Z,postgresql,supplier,puris-postgresql-0,75632640
2026-10-10T12:42:49.001Z,postgresql,supplier,puris-postgresql-0,75632640
2026-10-10T12:43:04.001Z,postgresql,supplier,puris-postgresql-0,75632640
2026-10-10T12:43:19.001Z,postgresql,supplier,puris-postgresql-0,75636736
2026-10-10T12:43:34.001Z,postgresql,supplier,puris-postgresql-0,75636736
2026-10-10T12:43:49.001Z,postgresql,supplier,puris-postgresql-0,75636736
2026-10-10T12:44:04.001Z,postgresql,supplier,puris-postgresql-0,75636736
2026-10-10T12:44:19.001Z,postgresql,supplier,puris-postgresql-0,75706368
2026-10-10T12:44:34.001Z,postgresql,supplier,puris-postgresql-0,75636736
2026-10-10T12:44:49.001Z,postgresql,supplier,puris-postgresql-0,75636736
2026-10-10T12:45:04.001Z,postgresql,supplier,puris-postgresql-0,75669504
2026-10-10T12:45:19.001Z,postgresql,supplier,puris-postgresql-0,75640832
2026-10-10T12:45:34.001Z,postgresql,supplier,puris-postgresql-0,73011200
2026-10-10T12:45:49.001Z,postgresql,supplier,puris-postgresql-0,74358784
2026-10-10T12:46:04.001Z,postgresql,supplier,puris-postgresql-0,73744384
2026-10-10T12:46:19.001Z,postgresql,supplier,puris-postgresql-0,73035776
2026-10-10T12:46:34.001Z,postgresql,supplier,puris-postgresql-0,73035776
2026-10-10T12:46:49.001Z,postgresql,supplier,puris-postgresql-0,73633792
2026-10-10T12:47:04.001Z,postgresql,supplier,puris-postgresql-0,74276864
2026-10-10T12:47:19.001Z,postgresql,supplier,puris-postgresql-0,73039872
2026-10-10T12:47:34.001Z,postgresql,supplier,puris-postgresql-0,73048064
2026-10-10T12:47:49.001Z,postgresql,supplier,puris-postgresql-0,73048064
2026-10-10T12:48:04.001Z,postgresql,supplier,puris-postgresql-0,73048064
2026-10-10T12:48:19.001Z,postgresql,supplier,puris-postgresql-0,73048064
2026-10-10T12:48:34.001Z,postgresql,supplier,puris-postgresql-0,73347072
2026-10-10T12:48:49.001Z,postgresql,supplier,puris-postgresql-0,73048064
2026-10-10T12:49:04.001Z,postgresql,supplier,puris-postgresql-0,73048064
2026-10-10T12:49:19.001Z,postgresql,supplier,puris-postgresql-0,73048064
2026-10-10T12:49:34.001Z,postgresql,supplier,puris-postgresql-0,73113600
2026-10-10T12:49:49.001Z,postgresql,supplier,puris-postgresql-0,73052160
2026-10-10T12:50:04.001Z,postgresql,supplier,puris-postgresql-0,73449472
2026-10-10T12:50:19.001Z,postgresql,supplier,puris-postgresql-0,73052160
2026-10-10T12:50:34.001Z,postgresql,supplier,puris-postgresql-0,72286208
2026-10-10T12:50:49.001Z,postgresql,supplier,puris-postgresql-0,72544256
2026-10-10T12:51:04.001Z,postgresql,supplier,puris-postgresql-0,72544256
2026-10-10T12:51:19.001Z,postgresql,supplier,puris-postgresql-0,73285632
2026-10-10T12:51:34.001Z,postgresql,supplier,puris-postgresql-0,72622080
2026-10-10T12:51:49.001Z,postgresql,supplier,puris-postgresql-0,72544256
2026-10-10T12:52:04.001Z,postgresql,supplier,puris-postgresql-0,72544256
2026-10-10T12:52:19.001Z,postgresql,supplier,puris-postgresql-0,72548352
2026-10-10T12:52:34.001Z,postgresql,supplier,puris-postgresql-0,74260480
2026-10-10T12:52:49.001Z,postgresql,supplier,puris-postgresql-0,72544256
2026-10-10T12:53:04.001Z,postgresql,supplier,puris-postgresql-0,72544256
2026-10-10T12:53:19.001Z,postgresql,supplier,puris-postgresql-0,72617984
2026-10-10T12:53:34.001Z,postgresql,supplier,puris-postgresql-0,72544256
2026-10-10T12:53:49.001Z,postgresql,supplier,puris-postgresql-0,72544256
2026-10-10T12:54:04.001Z,postgresql,supplier,puris-postgresql-0,72544256
2026-10-10T12:54:19.001Z,postgresql,supplier,puris-postgresql-0,72650752
2026-10-10T12:54:34.001Z,postgresql,supplier,puris-postgresql-0,72544256
2026-10-10T12:54:49.001Z,postgresql,supplier,puris-postgresql-0,72822784
2026-10-10T12:55:04.001Z,postgresql,supplier,puris-postgresql-0,73601024
2026-10-10T12:55:19.001Z,postgresql,supplier,puris-postgresql-0,72544256
2026-10-10T12:55:34.001Z,postgresql,supplier,puris-postgresql-0,72544256
2026-10-10T12:55:49.001Z,postgresql,supplier,puris-postgresql-0,72544256
2026-10-10T12:56:04.001Z,postgresql,supplier,puris-postgresql-0,72544256
2026-10-10T12:56:19.001Z,postgresql,supplier,puris-postgresql-0,72544256
2026-10-10T12:56:34.001Z,postgresql,supplier,puris-postgresql-0,73777152
2026-10-10T12:56:49.001Z,postgresql,supplier,puris-postgresql-0,72544256
2026-10-10T12:57:04.001Z,postgresql,supplier,puris-postgresql-0,73814016
2026-10-10T12:57:19.001Z,postgresql,supplier,puris-postgresql-0,72544256
2026-10-10T12:22:49.001Z,prometheus,monitoring,prometheus-monitoring-kube-prometheus-prometheus-0,430333952
2026-10-10T12:23:04.001Z,prometheus,monitoring,prometheus-monitoring-kube-prometheus-prometheus-0,430850048
2026-10-10T12:23:19.001Z,prometheus,monitoring,prometheus-monitoring-kube-prometheus-prometheus-0,431919104
2026-10-10T12:23:34.001Z,prometheus,monitoring,prometheus-monitoring-kube-prometheus-prometheus-0,430141440
2026-10-10T12:23:49.001Z,prometheus,monitoring,prometheus-monitoring-kube-prometheus-prometheus-0,431702016
2026-10-10T12:24:04.001Z,prometheus,monitoring,prometheus-monitoring-kube-prometheus-prometheus-0,430686208
2026-10-10T12:24:19.001Z,prometheus,monitoring,prometheus-monitoring-kube-prometheus-prometheus-0,430460928
2026-10-10T12:24:34.001Z,prometheus,monitoring,prometheus-monitoring-kube-prometheus-prometheus-0,430731264
2026-10-10T12:24:49.001Z,prometheus,monitoring,prometheus-monitoring-kube-prometheus-prometheus-0,430977024
2026-10-10T12:25:04.001Z,prometheus,monitoring,prometheus-monitoring-kube-prometheus-prometheus-0,433053696
2026-10-10T12:25:19.001Z,prometheus,monitoring,prometheus-monitoring-kube-prometheus-prometheus-0,431812608
2026-10-10T12:25:34.001Z,prometheus,monitoring,prometheus-monitoring-kube-prometheus-prometheus-0,431079424
2026-10-10T12:25:49.001Z,prometheus,monitoring,prometheus-monitoring-kube-prometheus-prometheus-0,431898624
2026-10-10T12:26:04.001Z,prometheus,monitoring,prometheus-monitoring-kube-prometheus-prometheus-0,430825472
2026-10-10T12:26:19.001Z,prometheus,monitoring,prometheus-monitoring-kube-prometheus-prometheus-0,431161344
2026-10-10T12:26:34.001Z,prometheus,monitoring,prometheus-monitoring-kube-prometheus-prometheus-0,430395392
2026-10-10T12:26:49.001Z,prometheus,monitoring,prometheus-monitoring-kube-prometheus-prometheus-0,430673920
2026-10-10T12:27:04.001Z,prometheus,monitoring,prometheus-monitoring-kube-prometheus-prometheus-0,432791552
2026-10-10T12:27:19.001Z,prometheus,monitoring,prometheus-monitoring-kube-prometheus-prometheus-0,431456256
2026-10-10T12:27:34.001Z,prometheus,monitoring,prometheus-monitoring-kube-prometheus-prometheus-0,431689728
2026-10-10T12:27:49.001Z,prometheus,monitoring,prometheus-monitoring-kube-prometheus-prometheus-0,432603136
2026-10-10T12:28:04.001Z,prometheus,monitoring,prometheus-monitoring-kube-prometheus-prometheus-0,430780416
2026-10-10T12:28:19.001Z,prometheus,monitoring,prometheus-monitoring-kube-prometheus-prometheus-0,432603136
2026-10-10T12:28:34.001Z,prometheus,monitoring,prometheus-monitoring-kube-prometheus-prometheus-0,431321088
2026-10-10T12:28:49.001Z,prometheus,monitoring,prometheus-monitoring-kube-prometheus-prometheus-0,431099904
2026-10-10T12:29:04.001Z,prometheus,monitoring,prometheus-monitoring-kube-prometheus-prometheus-0,431099904
2026-10-10T12:29:19.001Z,prometheus,monitoring,prometheus-monitoring-kube-prometheus-prometheus-0,431697920
2026-10-10T12:29:34.001Z,prometheus,monitoring,prometheus-monitoring-kube-prometheus-prometheus-0,431697920
2026-10-10T12:29:49.001Z,prometheus,monitoring,prometheus-monitoring-kube-prometheus-prometheus-0,430669824
2026-10-10T12:30:04.001Z,prometheus,monitoring,prometheus-monitoring-kube-prometheus-prometheus-0,433254400
2026-10-10T12:30:19.001Z,prometheus,monitoring,prometheus-monitoring-kube-prometheus-prometheus-0,431493120
2026-10-10T12:30:34.001Z,prometheus,monitoring,prometheus-monitoring-kube-prometheus-prometheus-0,431828992
2026-10-10T12:30:49.001Z,prometheus,monitoring,prometheus-monitoring-kube-prometheus-prometheus-0,431828992
2026-10-10T12:31:04.001Z,prometheus,monitoring,prometheus-monitoring-kube-prometheus-prometheus-0,431140864
2026-10-10T12:31:19.001Z,prometheus,monitoring,prometheus-monitoring-kube-prometheus-prometheus-0,431177728
2026-10-10T12:31:34.001Z,prometheus,monitoring,prometheus-monitoring-kube-prometheus-prometheus-0,431452160
2026-10-10T12:31:49.001Z,prometheus,monitoring,prometheus-monitoring-kube-prometheus-prometheus-0,442195968
2026-10-10T12:32:04.001Z,prometheus,monitoring,prometheus-monitoring-kube-prometheus-prometheus-0,450486272
2026-10-10T12:32:19.001Z,prometheus,monitoring,prometheus-monitoring-kube-prometheus-prometheus-0,468914176
2026-10-10T12:32:34.001Z,prometheus,monitoring,prometheus-monitoring-kube-prometheus-prometheus-0,468914176
2026-10-10T12:32:49.001Z,prometheus,monitoring,prometheus-monitoring-kube-prometheus-prometheus-0,470159360
2026-10-10T12:33:04.001Z,prometheus,monitoring,prometheus-monitoring-kube-prometheus-prometheus-0,469409792
2026-10-10T12:33:19.001Z,prometheus,monitoring,prometheus-monitoring-kube-prometheus-prometheus-0,469708800
2026-10-10T12:33:34.001Z,prometheus,monitoring,prometheus-monitoring-kube-prometheus-prometheus-0,471076864
2026-10-10T12:33:49.001Z,prometheus,monitoring,prometheus-monitoring-kube-prometheus-prometheus-0,469745664
2026-10-10T12:34:04.001Z,prometheus,monitoring,prometheus-monitoring-kube-prometheus-prometheus-0,469508096
2026-10-10T12:34:19.001Z,prometheus,monitoring,prometheus-monitoring-kube-prometheus-prometheus-0,469839872
2026-10-10T12:34:34.001Z,prometheus,monitoring,prometheus-monitoring-kube-prometheus-prometheus-0,470130688
2026-10-10T12:34:49.001Z,prometheus,monitoring,prometheus-monitoring-kube-prometheus-prometheus-0,469893120
2026-10-10T12:35:04.001Z,prometheus,monitoring,prometheus-monitoring-kube-prometheus-prometheus-0,470188032
2026-10-10T12:35:19.001Z,prometheus,monitoring,prometheus-monitoring-kube-prometheus-prometheus-0,469946368
2026-10-10T12:35:34.001Z,prometheus,monitoring,prometheus-monitoring-kube-prometheus-prometheus-0,470491136
2026-10-10T12:35:49.001Z,prometheus,monitoring,prometheus-monitoring-kube-prometheus-prometheus-0,469983232
2026-10-10T12:36:04.001Z,prometheus,monitoring,prometheus-monitoring-kube-prometheus-prometheus-0,470265856
2026-10-10T12:36:19.001Z,prometheus,monitoring,prometheus-monitoring-kube-prometheus-prometheus-0,471138304
2026-10-10T12:36:34.001Z,prometheus,monitoring,prometheus-monitoring-kube-prometheus-prometheus-0,470183936
2026-10-10T12:36:49.001Z,prometheus,monitoring,prometheus-monitoring-kube-prometheus-prometheus-0,470212608
2026-10-10T12:37:04.001Z,prometheus,monitoring,prometheus-monitoring-kube-prometheus-prometheus-0,470212608
2026-10-10T12:37:19.001Z,prometheus,monitoring,prometheus-monitoring-kube-prometheus-prometheus-0,470532096
2026-10-10T12:37:34.001Z,prometheus,monitoring,prometheus-monitoring-kube-prometheus-prometheus-0,470548480
2026-10-10T12:37:49.001Z,prometheus,monitoring,prometheus-monitoring-kube-prometheus-prometheus-0,470548480
2026-10-10T12:38:04.001Z,prometheus,monitoring,prometheus-monitoring-kube-prometheus-prometheus-0,470581248
2026-10-10T12:38:19.001Z,prometheus,monitoring,prometheus-monitoring-kube-prometheus-prometheus-0,477429760
2026-10-10T12:38:34.001Z,prometheus,monitoring,prometheus-monitoring-kube-prometheus-prometheus-0,477200384
2026-10-10T12:38:49.001Z,prometheus,monitoring,prometheus-monitoring-kube-prometheus-prometheus-0,477200384
2026-10-10T12:39:04.001Z,prometheus,monitoring,prometheus-monitoring-kube-prometheus-prometheus-0,477360128
2026-10-10T12:39:19.001Z,prometheus,monitoring,prometheus-monitoring-kube-prometheus-prometheus-0,477360128
2026-10-10T12:39:34.001Z,prometheus,monitoring,prometheus-monitoring-kube-prometheus-prometheus-0,476553216
2026-10-10T12:39:49.001Z,prometheus,monitoring,prometheus-monitoring-kube-prometheus-prometheus-0,477380608
2026-10-10T12:40:04.001Z,prometheus,monitoring,prometheus-monitoring-kube-prometheus-prometheus-0,476606464
2026-10-10T12:40:19.001Z,prometheus,monitoring,prometheus-monitoring-kube-prometheus-prometheus-0,476606464
2026-10-10T12:40:34.001Z,prometheus,monitoring,prometheus-monitoring-kube-prometheus-prometheus-0,483926016
2026-10-10T12:40:49.001Z,prometheus,monitoring,prometheus-monitoring-kube-prometheus-prometheus-0,484302848
2026-10-10T12:41:04.001Z,prometheus,monitoring,prometheus-monitoring-kube-prometheus-prometheus-0,484618240
2026-10-10T12:41:19.001Z,prometheus,monitoring,prometheus-monitoring-kube-prometheus-prometheus-0,484651008
2026-10-10T12:41:34.001Z,prometheus,monitoring,prometheus-monitoring-kube-prometheus-prometheus-0,484651008
2026-10-10T12:41:49.001Z,prometheus,monitoring,prometheus-monitoring-kube-prometheus-prometheus-0,486182912
2026-10-10T12:42:04.001Z,prometheus,monitoring,prometheus-monitoring-kube-prometheus-prometheus-0,484442112
2026-10-10T12:42:19.001Z,prometheus,monitoring,prometheus-monitoring-kube-prometheus-prometheus-0,484458496
2026-10-10T12:42:34.001Z,prometheus,monitoring,prometheus-monitoring-kube-prometheus-prometheus-0,485007360
2026-10-10T12:42:49.001Z,prometheus,monitoring,prometheus-monitoring-kube-prometheus-prometheus-0,484507648
2026-10-10T12:43:04.001Z,prometheus,monitoring,prometheus-monitoring-kube-prometheus-prometheus-0,484511744
2026-10-10T12:43:19.001Z,prometheus,monitoring,prometheus-monitoring-kube-prometheus-prometheus-0,484556800
2026-10-10T12:43:34.001Z,prometheus,monitoring,prometheus-monitoring-kube-prometheus-prometheus-0,485847040
2026-10-10T12:43:49.001Z,prometheus,monitoring,prometheus-monitoring-kube-prometheus-prometheus-0,485847040
2026-10-10T12:44:04.001Z,prometheus,monitoring,prometheus-monitoring-kube-prometheus-prometheus-0,485130240
2026-10-10T12:44:19.001Z,prometheus,monitoring,prometheus-monitoring-kube-prometheus-prometheus-0,484634624
2026-10-10T12:44:34.001Z,prometheus,monitoring,prometheus-monitoring-kube-prometheus-prometheus-0,484732928
2026-10-10T12:44:49.001Z,prometheus,monitoring,prometheus-monitoring-kube-prometheus-prometheus-0,485122048
2026-10-10T12:45:04.001Z,prometheus,monitoring,prometheus-monitoring-kube-prometheus-prometheus-0,485122048
2026-10-10T12:45:19.001Z,prometheus,monitoring,prometheus-monitoring-kube-prometheus-prometheus-0,485683200
2026-10-10T12:45:34.001Z,prometheus,monitoring,prometheus-monitoring-kube-prometheus-prometheus-0,485957632
2026-10-10T12:45:49.001Z,prometheus,monitoring,prometheus-monitoring-kube-prometheus-prometheus-0,486244352
2026-10-10T12:46:04.001Z,prometheus,monitoring,prometheus-monitoring-kube-prometheus-prometheus-0,484962304
2026-10-10T12:46:19.001Z,prometheus,monitoring,prometheus-monitoring-kube-prometheus-prometheus-0,487133184
2026-10-10T12:46:34.001Z,prometheus,monitoring,prometheus-monitoring-kube-prometheus-prometheus-0,487133184
2026-10-10T12:46:49.001Z,prometheus,monitoring,prometheus-monitoring-kube-prometheus-prometheus-0,485806080
2026-10-10T12:47:04.001Z,prometheus,monitoring,prometheus-monitoring-kube-prometheus-prometheus-0,486322176
2026-10-10T12:47:19.001Z,prometheus,monitoring,prometheus-monitoring-kube-prometheus-prometheus-0,486653952
2026-10-10T12:47:34.001Z,prometheus,monitoring,prometheus-monitoring-kube-prometheus-prometheus-0,486150144
2026-10-10T12:47:49.001Z,prometheus,monitoring,prometheus-monitoring-kube-prometheus-prometheus-0,486686720
2026-10-10T12:48:04.001Z,prometheus,monitoring,prometheus-monitoring-kube-prometheus-prometheus-0,486940672
2026-10-10T12:48:19.001Z,prometheus,monitoring,prometheus-monitoring-kube-prometheus-prometheus-0,486506496
2026-10-10T12:48:34.001Z,prometheus,monitoring,prometheus-monitoring-kube-prometheus-prometheus-0,486002688
2026-10-10T12:48:49.001Z,prometheus,monitoring,prometheus-monitoring-kube-prometheus-prometheus-0,486289408
2026-10-10T12:49:04.001Z,prometheus,monitoring,prometheus-monitoring-kube-prometheus-prometheus-0,486584320
2026-10-10T12:49:19.001Z,prometheus,monitoring,prometheus-monitoring-kube-prometheus-prometheus-0,486350848
2026-10-10T12:49:34.001Z,prometheus,monitoring,prometheus-monitoring-kube-prometheus-prometheus-0,486305792
2026-10-10T12:49:49.001Z,prometheus,monitoring,prometheus-monitoring-kube-prometheus-prometheus-0,486424576
2026-10-10T12:50:04.001Z,prometheus,monitoring,prometheus-monitoring-kube-prometheus-prometheus-0,486117376
2026-10-10T12:50:19.001Z,prometheus,monitoring,prometheus-monitoring-kube-prometheus-prometheus-0,486391808
2026-10-10T12:50:34.001Z,prometheus,monitoring,prometheus-monitoring-kube-prometheus-prometheus-0,486154240
2026-10-10T12:50:49.001Z,prometheus,monitoring,prometheus-monitoring-kube-prometheus-prometheus-0,488271872
2026-10-10T12:51:04.001Z,prometheus,monitoring,prometheus-monitoring-kube-prometheus-prometheus-0,486711296
2026-10-10T12:51:19.001Z,prometheus,monitoring,prometheus-monitoring-kube-prometheus-prometheus-0,486219776
2026-10-10T12:51:34.001Z,prometheus,monitoring,prometheus-monitoring-kube-prometheus-prometheus-0,486539264
2026-10-10T12:51:49.001Z,prometheus,monitoring,prometheus-monitoring-kube-prometheus-prometheus-0,486486016
2026-10-10T12:52:04.001Z,prometheus,monitoring,prometheus-monitoring-kube-prometheus-prometheus-0,486531072
2026-10-10T12:52:19.001Z,prometheus,monitoring,prometheus-monitoring-kube-prometheus-prometheus-0,486293504
2026-10-10T12:52:34.001Z,prometheus,monitoring,prometheus-monitoring-kube-prometheus-prometheus-0,457617408
2026-10-10T12:52:49.001Z,prometheus,monitoring,prometheus-monitoring-kube-prometheus-prometheus-0,457629696
2026-10-10T12:53:04.001Z,prometheus,monitoring,prometheus-monitoring-kube-prometheus-prometheus-0,457629696
2026-10-10T12:53:19.001Z,prometheus,monitoring,prometheus-monitoring-kube-prometheus-prometheus-0,457920512
2026-10-10T12:53:34.001Z,prometheus,monitoring,prometheus-monitoring-kube-prometheus-prometheus-0,457424896
2026-10-10T12:53:49.001Z,prometheus,monitoring,prometheus-monitoring-kube-prometheus-prometheus-0,457445376
2026-10-10T12:54:04.001Z,prometheus,monitoring,prometheus-monitoring-kube-prometheus-prometheus-0,457469952
2026-10-10T12:54:19.001Z,prometheus,monitoring,prometheus-monitoring-kube-prometheus-prometheus-0,458244096
2026-10-10T12:54:34.001Z,prometheus,monitoring,prometheus-monitoring-kube-prometheus-prometheus-0,448618496
2026-10-10T12:54:49.001Z,prometheus,monitoring,prometheus-monitoring-kube-prometheus-prometheus-0,448397312
2026-10-10T12:55:04.001Z,prometheus,monitoring,prometheus-monitoring-kube-prometheus-prometheus-0,448688128
2026-10-10T12:55:19.001Z,prometheus,monitoring,prometheus-monitoring-kube-prometheus-prometheus-0,448712704
2026-10-10T12:55:34.001Z,prometheus,monitoring,prometheus-monitoring-kube-prometheus-prometheus-0,448983040
2026-10-10T12:55:49.001Z,prometheus,monitoring,prometheus-monitoring-kube-prometheus-prometheus-0,448753664
2026-10-10T12:56:04.001Z,prometheus,monitoring,prometheus-monitoring-kube-prometheus-prometheus-0,448770048
2026-10-10T12:56:19.001Z,prometheus,monitoring,prometheus-monitoring-kube-prometheus-prometheus-0,448798720
2026-10-10T12:56:34.001Z,prometheus,monitoring,prometheus-monitoring-kube-prometheus-prometheus-0,448528384
2026-10-10T12:56:49.001Z,prometheus,monitoring,prometheus-monitoring-kube-prometheus-prometheus-0,449597440
2026-10-10T12:57:04.001Z,prometheus,monitoring,prometheus-monitoring-kube-prometheus-prometheus-0,448847872
2026-10-10T12:57:19.001Z,prometheus,monitoring,prometheus-monitoring-kube-prometheus-prometheus-0,449110016
2026-10-10T12:22:49.001Z,puris-backend,customer,puris-backend-85fd777d5c-z25sq,386048000
2026-10-10T12:23:04.001Z,puris-backend,customer,puris-backend-85fd777d5c-z25sq,387866624
2026-10-10T12:23:19.001Z,puris-backend,customer,puris-backend-85fd777d5c-z25sq,387895296
2026-10-10T12:23:34.001Z,puris-backend,customer,puris-backend-85fd777d5c-z25sq,390119424
2026-10-10T12:23:49.001Z,puris-backend,customer,puris-backend-85fd777d5c-z25sq,390057984
2026-10-10T12:24:04.001Z,puris-backend,customer,puris-backend-85fd777d5c-z25sq,391843840
2026-10-10T12:24:19.001Z,puris-backend,customer,puris-backend-85fd777d5c-z25sq,391380992
2026-10-10T12:24:34.001Z,puris-backend,customer,puris-backend-85fd777d5c-z25sq,393175040
2026-10-10T12:24:49.001Z,puris-backend,customer,puris-backend-85fd777d5c-z25sq,392527872
2026-10-10T12:25:04.001Z,puris-backend,customer,puris-backend-85fd777d5c-z25sq,394481664
2026-10-10T12:25:19.001Z,puris-backend,customer,puris-backend-85fd777d5c-z25sq,397168640
2026-10-10T12:25:34.001Z,puris-backend,customer,puris-backend-85fd777d5c-z25sq,397524992
2026-10-10T12:25:49.001Z,puris-backend,customer,puris-backend-85fd777d5c-z25sq,400060416
2026-10-10T12:26:04.001Z,puris-backend,customer,puris-backend-85fd777d5c-z25sq,400060416
2026-10-10T12:26:19.001Z,puris-backend,customer,puris-backend-85fd777d5c-z25sq,400424960
2026-10-10T12:26:34.001Z,puris-backend,customer,puris-backend-85fd777d5c-z25sq,401981440
2026-10-10T12:26:49.001Z,puris-backend,customer,puris-backend-85fd777d5c-z25sq,402964480
2026-10-10T12:27:04.001Z,puris-backend,customer,puris-backend-85fd777d5c-z25sq,403800064
2026-10-10T12:27:19.001Z,puris-backend,customer,puris-backend-85fd777d5c-z25sq,406441984
2026-10-10T12:27:34.001Z,puris-backend,customer,puris-backend-85fd777d5c-z25sq,405549056
2026-10-10T12:27:49.001Z,puris-backend,customer,puris-backend-85fd777d5c-z25sq,406732800
2026-10-10T12:28:04.001Z,puris-backend,customer,puris-backend-85fd777d5c-z25sq,407539712
2026-10-10T12:28:19.001Z,puris-backend,customer,puris-backend-85fd777d5c-z25sq,407965696
2026-10-10T12:28:34.001Z,puris-backend,customer,puris-backend-85fd777d5c-z25sq,408006656
2026-10-10T12:28:49.001Z,puris-backend,customer,puris-backend-85fd777d5c-z25sq,411869184
2026-10-10T12:29:04.001Z,puris-backend,customer,puris-backend-85fd777d5c-z25sq,411066368
2026-10-10T12:29:19.001Z,puris-backend,customer,puris-backend-85fd777d5c-z25sq,412758016
2026-10-10T12:29:34.001Z,puris-backend,customer,puris-backend-85fd777d5c-z25sq,412471296
2026-10-10T12:29:49.001Z,puris-backend,customer,puris-backend-85fd777d5c-z25sq,412852224
2026-10-10T12:30:04.001Z,puris-backend,customer,puris-backend-85fd777d5c-z25sq,412921856
2026-10-10T12:30:19.001Z,puris-backend,customer,puris-backend-85fd777d5c-z25sq,413462528
2026-10-10T12:30:34.001Z,puris-backend,customer,puris-backend-85fd777d5c-z25sq,411848704
2026-10-10T12:30:49.001Z,puris-backend,customer,puris-backend-85fd777d5c-z25sq,414416896
2026-10-10T12:31:04.001Z,puris-backend,customer,puris-backend-85fd777d5c-z25sq,414466048
2026-10-10T12:31:19.001Z,puris-backend,customer,puris-backend-85fd777d5c-z25sq,414466048
2026-10-10T12:31:34.001Z,puris-backend,customer,puris-backend-85fd777d5c-z25sq,418000896
2026-10-10T12:31:49.001Z,puris-backend,customer,puris-backend-85fd777d5c-z25sq,417456128
2026-10-10T12:32:04.001Z,puris-backend,customer,puris-backend-85fd777d5c-z25sq,417456128
2026-10-10T12:32:19.001Z,puris-backend,customer,puris-backend-85fd777d5c-z25sq,418762752
2026-10-10T12:32:34.001Z,puris-backend,customer,puris-backend-85fd777d5c-z25sq,420974592
2026-10-10T12:32:49.001Z,puris-backend,customer,puris-backend-85fd777d5c-z25sq,420974592
2026-10-10T12:33:04.001Z,puris-backend,customer,puris-backend-85fd777d5c-z25sq,421122048
2026-10-10T12:33:19.001Z,puris-backend,customer,puris-backend-85fd777d5c-z25sq,421122048
2026-10-10T12:33:34.001Z,puris-backend,customer,puris-backend-85fd777d5c-z25sq,421457920
2026-10-10T12:33:49.001Z,puris-backend,customer,puris-backend-85fd777d5c-z25sq,422326272
2026-10-10T12:34:04.001Z,puris-backend,customer,puris-backend-85fd777d5c-z25sq,421908480
2026-10-10T12:34:19.001Z,puris-backend,customer,puris-backend-85fd777d5c-z25sq,421466112
2026-10-10T12:34:34.001Z,puris-backend,customer,puris-backend-85fd777d5c-z25sq,422166528
2026-10-10T12:34:49.001Z,puris-backend,customer,puris-backend-85fd777d5c-z25sq,422547456
2026-10-10T12:35:04.001Z,puris-backend,customer,puris-backend-85fd777d5c-z25sq,422617088
2026-10-10T12:35:19.001Z,puris-backend,customer,puris-backend-85fd777d5c-z25sq,423636992
2026-10-10T12:35:34.001Z,puris-backend,customer,puris-backend-85fd777d5c-z25sq,423493632
2026-10-10T12:35:49.001Z,puris-backend,customer,puris-backend-85fd777d5c-z25sq,424255488
2026-10-10T12:36:04.001Z,puris-backend,customer,puris-backend-85fd777d5c-z25sq,423448576
2026-10-10T12:36:19.001Z,puris-backend,customer,puris-backend-85fd777d5c-z25sq,425553920
2026-10-10T12:36:34.001Z,puris-backend,customer,puris-backend-85fd777d5c-z25sq,424878080
2026-10-10T12:36:49.001Z,puris-backend,customer,puris-backend-85fd777d5c-z25sq,424521728
2026-10-10T12:37:04.001Z,puris-backend,customer,puris-backend-85fd777d5c-z25sq,428564480
2026-10-10T12:37:19.001Z,puris-backend,customer,puris-backend-85fd777d5c-z25sq,428564480
2026-10-10T12:37:34.001Z,puris-backend,customer,puris-backend-85fd777d5c-z25sq,439943168
2026-10-10T12:37:49.001Z,puris-backend,customer,puris-backend-85fd777d5c-z25sq,452784128
2026-10-10T12:38:04.001Z,puris-backend,customer,puris-backend-85fd777d5c-z25sq,466526208
2026-10-10T12:38:19.001Z,puris-backend,customer,puris-backend-85fd777d5c-z25sq,466526208
2026-10-10T12:38:34.001Z,puris-backend,customer,puris-backend-85fd777d5c-z25sq,487448576
2026-10-10T12:38:49.001Z,puris-backend,customer,puris-backend-85fd777d5c-z25sq,498610176
2026-10-10T12:39:04.001Z,puris-backend,customer,puris-backend-85fd777d5c-z25sq,498610176
2026-10-10T12:39:19.001Z,puris-backend,customer,puris-backend-85fd777d5c-z25sq,513359872
2026-10-10T12:39:34.001Z,puris-backend,customer,puris-backend-85fd777d5c-z25sq,530657280
2026-10-10T12:39:49.001Z,puris-backend,customer,puris-backend-85fd777d5c-z25sq,556904448
2026-10-10T12:40:04.001Z,puris-backend,customer,puris-backend-85fd777d5c-z25sq,569745408
2026-10-10T12:40:19.001Z,puris-backend,customer,puris-backend-85fd777d5c-z25sq,581959680
2026-10-10T12:40:34.001Z,puris-backend,customer,puris-backend-85fd777d5c-z25sq,599277568
2026-10-10T12:40:49.001Z,puris-backend,customer,puris-backend-85fd777d5c-z25sq,599277568
2026-10-10T12:41:04.001Z,puris-backend,customer,puris-backend-85fd777d5c-z25sq,618520576
2026-10-10T12:41:19.001Z,puris-backend,customer,puris-backend-85fd777d5c-z25sq,632037376
2026-10-10T12:41:34.001Z,puris-backend,customer,puris-backend-85fd777d5c-z25sq,647462912
2026-10-10T12:41:49.001Z,puris-backend,customer,puris-backend-85fd777d5c-z25sq,666972160
2026-10-10T12:42:04.001Z,puris-backend,customer,puris-backend-85fd777d5c-z25sq,684453888
2026-10-10T12:42:19.001Z,puris-backend,customer,puris-backend-85fd777d5c-z25sq,704729088
2026-10-10T12:42:34.001Z,puris-backend,customer,puris-backend-85fd777d5c-z25sq,740933632
2026-10-10T12:42:49.001Z,puris-backend,customer,puris-backend-85fd777d5c-z25sq,797749248
2026-10-10T12:43:04.001Z,puris-backend,customer,puris-backend-85fd777d5c-z25sq,818929664
2026-10-10T12:43:19.001Z,puris-backend,customer,puris-backend-85fd777d5c-z25sq,831074304
2026-10-10T12:43:34.001Z,puris-backend,customer,puris-backend-85fd777d5c-z25sq,834916352
2026-10-10T12:43:49.001Z,puris-backend,customer,puris-backend-85fd777d5c-z25sq,833200128
2026-10-10T12:44:04.001Z,puris-backend,customer,puris-backend-85fd777d5c-z25sq,776773632
2026-10-10T12:44:19.001Z,puris-backend,customer,puris-backend-85fd777d5c-z25sq,705232896
2026-10-10T12:44:34.001Z,puris-backend,customer,puris-backend-85fd777d5c-z25sq,688824320
2026-10-10T12:44:49.001Z,puris-backend,customer,puris-backend-85fd777d5c-z25sq,689688576
2026-10-10T12:45:04.001Z,puris-backend,customer,puris-backend-85fd777d5c-z25sq,691810304
2026-10-10T12:45:19.001Z,puris-backend,customer,puris-backend-85fd777d5c-z25sq,690778112
2026-10-10T12:45:34.001Z,puris-backend,customer,puris-backend-85fd777d5c-z25sq,688521216
2026-10-10T12:45:49.001Z,puris-backend,customer,puris-backend-85fd777d5c-z25sq,685678592
2026-10-10T12:46:04.001Z,puris-backend,customer,puris-backend-85fd777d5c-z25sq,684572672
2026-10-10T12:46:19.001Z,puris-backend,customer,puris-backend-85fd777d5c-z25sq,682758144
2026-10-10T12:46:34.001Z,puris-backend,customer,puris-backend-85fd777d5c-z25sq,684990464
2026-10-10T12:46:49.001Z,puris-backend,customer,puris-backend-85fd777d5c-z25sq,680820736
2026-10-10T12:47:04.001Z,puris-backend,customer,puris-backend-85fd777d5c-z25sq,681201664
2026-10-10T12:47:19.001Z,puris-backend,customer,puris-backend-85fd777d5c-z25sq,681201664
2026-10-10T12:47:34.001Z,puris-backend,customer,puris-backend-85fd777d5c-z25sq,684195840
2026-10-10T12:47:49.001Z,puris-backend,customer,puris-backend-85fd777d5c-z25sq,684019712
2026-10-10T12:48:04.001Z,puris-backend,customer,puris-backend-85fd777d5c-z25sq,684019712
2026-10-10T12:48:19.001Z,puris-backend,customer,puris-backend-85fd777d5c-z25sq,683573248
2026-10-10T12:48:34.001Z,puris-backend,customer,puris-backend-85fd777d5c-z25sq,687648768
2026-10-10T12:48:49.001Z,puris-backend,customer,puris-backend-85fd777d5c-z25sq,689676288
2026-10-10T12:49:04.001Z,puris-backend,customer,puris-backend-85fd777d5c-z25sq,689647616
2026-10-10T12:49:19.001Z,puris-backend,customer,puris-backend-85fd777d5c-z25sq,688988160
2026-10-10T12:49:34.001Z,puris-backend,customer,puris-backend-85fd777d5c-z25sq,684331008
2026-10-10T12:49:49.001Z,puris-backend,customer,puris-backend-85fd777d5c-z25sq,674684928
2026-10-10T12:50:04.001Z,puris-backend,customer,puris-backend-85fd777d5c-z25sq,658845696
2026-10-10T12:50:19.001Z,puris-backend,customer,puris-backend-85fd777d5c-z25sq,659222528
2026-10-10T12:50:34.001Z,puris-backend,customer,puris-backend-85fd777d5c-z25sq,656003072
2026-10-10T12:50:49.001Z,puris-backend,customer,puris-backend-85fd777d5c-z25sq,655196160
2026-10-10T12:51:04.001Z,puris-backend,customer,puris-backend-85fd777d5c-z25sq,654512128
2026-10-10T12:51:19.001Z,puris-backend,customer,puris-backend-85fd777d5c-z25sq,655310848
2026-10-10T12:51:34.001Z,puris-backend,customer,puris-backend-85fd777d5c-z25sq,648040448
2026-10-10T12:51:49.001Z,puris-backend,customer,puris-backend-85fd777d5c-z25sq,648122368
2026-10-10T12:52:04.001Z,puris-backend,customer,puris-backend-85fd777d5c-z25sq,647266304
2026-10-10T12:52:19.001Z,puris-backend,customer,puris-backend-85fd777d5c-z25sq,647884800
2026-10-10T12:52:34.001Z,puris-backend,customer,puris-backend-85fd777d5c-z25sq,647884800
2026-10-10T12:52:49.001Z,puris-backend,customer,puris-backend-85fd777d5c-z25sq,646680576
2026-10-10T12:53:04.001Z,puris-backend,customer,puris-backend-85fd777d5c-z25sq,646361088
2026-10-10T12:53:19.001Z,puris-backend,customer,puris-backend-85fd777d5c-z25sq,638951424
2026-10-10T12:53:34.001Z,puris-backend,customer,puris-backend-85fd777d5c-z25sq,634667008
2026-10-10T12:53:49.001Z,puris-backend,customer,puris-backend-85fd777d5c-z25sq,631836672
2026-10-10T12:54:04.001Z,puris-backend,customer,puris-backend-85fd777d5c-z25sq,633511936
2026-10-10T12:54:19.001Z,puris-backend,customer,puris-backend-85fd777d5c-z25sq,630484992
2026-10-10T12:54:34.001Z,puris-backend,customer,puris-backend-85fd777d5c-z25sq,628371456
2026-10-10T12:54:49.001Z,puris-backend,customer,puris-backend-85fd777d5c-z25sq,627113984
2026-10-10T12:55:04.001Z,puris-backend,customer,puris-backend-85fd777d5c-z25sq,626978816
2026-10-10T12:55:19.001Z,puris-backend,customer,puris-backend-85fd777d5c-z25sq,625610752
2026-10-10T12:55:34.001Z,puris-backend,customer,puris-backend-85fd777d5c-z25sq,623636480
2026-10-10T12:55:49.001Z,puris-backend,customer,puris-backend-85fd777d5c-z25sq,620003328
2026-10-10T12:56:04.001Z,puris-backend,customer,puris-backend-85fd777d5c-z25sq,613916672
2026-10-10T12:56:19.001Z,puris-backend,customer,puris-backend-85fd777d5c-z25sq,597450752
2026-10-10T12:56:34.001Z,puris-backend,customer,puris-backend-85fd777d5c-z25sq,586350592
2026-10-10T12:56:49.001Z,puris-backend,customer,puris-backend-85fd777d5c-z25sq,585617408
2026-10-10T12:57:04.001Z,puris-backend,customer,puris-backend-85fd777d5c-z25sq,585166848
2026-10-10T12:57:19.001Z,puris-backend,customer,puris-backend-85fd777d5c-z25sq,585166848
2026-10-10T12:22:49.001Z,puris-backend,supplier,puris-backend-7db65f9d6-59kk9,385150976
2026-10-10T12:23:04.001Z,puris-backend,supplier,puris-backend-7db65f9d6-59kk9,383897600
2026-10-10T12:23:19.001Z,puris-backend,supplier,puris-backend-7db65f9d6-59kk9,384249856
2026-10-10T12:23:34.001Z,puris-backend,supplier,puris-backend-7db65f9d6-59kk9,385372160
2026-10-10T12:23:49.001Z,puris-backend,supplier,puris-backend-7db65f9d6-59kk9,385372160
2026-10-10T12:24:04.001Z,puris-backend,supplier,puris-backend-7db65f9d6-59kk9,385175552
2026-10-10T12:24:19.001Z,puris-backend,supplier,puris-backend-7db65f9d6-59kk9,385458176
2026-10-10T12:24:34.001Z,puris-backend,supplier,puris-backend-7db65f9d6-59kk9,385990656
2026-10-10T12:24:49.001Z,puris-backend,supplier,puris-backend-7db65f9d6-59kk9,386048000
2026-10-10T12:25:04.001Z,puris-backend,supplier,puris-backend-7db65f9d6-59kk9,387256320
2026-10-10T12:25:19.001Z,puris-backend,supplier,puris-backend-7db65f9d6-59kk9,387502080
2026-10-10T12:25:34.001Z,puris-backend,supplier,puris-backend-7db65f9d6-59kk9,387842048
2026-10-10T12:25:49.001Z,puris-backend,supplier,puris-backend-7db65f9d6-59kk9,388337664
2026-10-10T12:26:04.001Z,puris-backend,supplier,puris-backend-7db65f9d6-59kk9,389025792
2026-10-10T12:26:19.001Z,puris-backend,supplier,puris-backend-7db65f9d6-59kk9,389611520
2026-10-10T12:26:34.001Z,puris-backend,supplier,puris-backend-7db65f9d6-59kk9,389804032
2026-10-10T12:26:49.001Z,puris-backend,supplier,puris-backend-7db65f9d6-59kk9,390443008
2026-10-10T12:27:04.001Z,puris-backend,supplier,puris-backend-7db65f9d6-59kk9,390443008
2026-10-10T12:27:19.001Z,puris-backend,supplier,puris-backend-7db65f9d6-59kk9,392077312
2026-10-10T12:27:34.001Z,puris-backend,supplier,puris-backend-7db65f9d6-59kk9,392077312
2026-10-10T12:27:49.001Z,puris-backend,supplier,puris-backend-7db65f9d6-59kk9,393048064
2026-10-10T12:28:04.001Z,puris-backend,supplier,puris-backend-7db65f9d6-59kk9,392777728
2026-10-10T12:28:19.001Z,puris-backend,supplier,puris-backend-7db65f9d6-59kk9,393580544
2026-10-10T12:28:34.001Z,puris-backend,supplier,puris-backend-7db65f9d6-59kk9,394362880
2026-10-10T12:28:49.001Z,puris-backend,supplier,puris-backend-7db65f9d6-59kk9,394993664
2026-10-10T12:29:04.001Z,puris-backend,supplier,puris-backend-7db65f9d6-59kk9,395104256
2026-10-10T12:29:19.001Z,puris-backend,supplier,puris-backend-7db65f9d6-59kk9,395104256
2026-10-10T12:29:34.001Z,puris-backend,supplier,puris-backend-7db65f9d6-59kk9,396976128
2026-10-10T12:29:49.001Z,puris-backend,supplier,puris-backend-7db65f9d6-59kk9,397389824
2026-10-10T12:30:04.001Z,puris-backend,supplier,puris-backend-7db65f9d6-59kk9,398721024
2026-10-10T12:30:19.001Z,puris-backend,supplier,puris-backend-7db65f9d6-59kk9,400134144
2026-10-10T12:30:34.001Z,puris-backend,supplier,puris-backend-7db65f9d6-59kk9,399683584
2026-10-10T12:30:49.001Z,puris-backend,supplier,puris-backend-7db65f9d6-59kk9,400039936
2026-10-10T12:31:04.001Z,puris-backend,supplier,puris-backend-7db65f9d6-59kk9,400769024
2026-10-10T12:31:19.001Z,puris-backend,supplier,puris-backend-7db65f9d6-59kk9,401612800
2026-10-10T12:31:34.001Z,puris-backend,supplier,puris-backend-7db65f9d6-59kk9,401838080
2026-10-10T12:31:49.001Z,puris-backend,supplier,puris-backend-7db65f9d6-59kk9,401838080
2026-10-10T12:32:04.001Z,puris-backend,supplier,puris-backend-7db65f9d6-59kk9,402989056
2026-10-10T12:32:19.001Z,puris-backend,supplier,puris-backend-7db65f9d6-59kk9,404406272
2026-10-10T12:32:34.001Z,puris-backend,supplier,puris-backend-7db65f9d6-59kk9,404123648
2026-10-10T12:32:49.001Z,puris-backend,supplier,puris-backend-7db65f9d6-59kk9,405655552
2026-10-10T12:33:04.001Z,puris-backend,supplier,puris-backend-7db65f9d6-59kk9,406167552
2026-10-10T12:33:19.001Z,puris-backend,supplier,puris-backend-7db65f9d6-59kk9,407203840
2026-10-10T12:33:34.001Z,puris-backend,supplier,puris-backend-7db65f9d6-59kk9,407924736
2026-10-10T12:33:49.001Z,puris-backend,supplier,puris-backend-7db65f9d6-59kk9,408539136
2026-10-10T12:34:04.001Z,puris-backend,supplier,puris-backend-7db65f9d6-59kk9,408338432
2026-10-10T12:34:19.001Z,puris-backend,supplier,puris-backend-7db65f9d6-59kk9,408391680
2026-10-10T12:34:34.001Z,puris-backend,supplier,puris-backend-7db65f9d6-59kk9,408719360
2026-10-10T12:34:49.001Z,puris-backend,supplier,puris-backend-7db65f9d6-59kk9,408481792
2026-10-10T12:35:04.001Z,puris-backend,supplier,puris-backend-7db65f9d6-59kk9,408924160
2026-10-10T12:35:19.001Z,puris-backend,supplier,puris-backend-7db65f9d6-59kk9,408875008
2026-10-10T12:35:34.001Z,puris-backend,supplier,puris-backend-7db65f9d6-59kk9,408629248
2026-10-10T12:35:49.001Z,puris-backend,supplier,puris-backend-7db65f9d6-59kk9,408629248
2026-10-10T12:36:04.001Z,puris-backend,supplier,puris-backend-7db65f9d6-59kk9,410005504
2026-10-10T12:36:19.001Z,puris-backend,supplier,puris-backend-7db65f9d6-59kk9,408702976
2026-10-10T12:36:34.001Z,puris-backend,supplier,puris-backend-7db65f9d6-59kk9,408707072
2026-10-10T12:36:49.001Z,puris-backend,supplier,puris-backend-7db65f9d6-59kk9,411238400
2026-10-10T12:37:04.001Z,puris-backend,supplier,puris-backend-7db65f9d6-59kk9,412270592
2026-10-10T12:37:19.001Z,puris-backend,supplier,puris-backend-7db65f9d6-59kk9,410972160
2026-10-10T12:37:34.001Z,puris-backend,supplier,puris-backend-7db65f9d6-59kk9,410750976
2026-10-10T12:37:49.001Z,puris-backend,supplier,puris-backend-7db65f9d6-59kk9,410759168
2026-10-10T12:38:04.001Z,puris-backend,supplier,puris-backend-7db65f9d6-59kk9,410759168
2026-10-10T12:38:19.001Z,puris-backend,supplier,puris-backend-7db65f9d6-59kk9,410759168
2026-10-10T12:38:34.001Z,puris-backend,supplier,puris-backend-7db65f9d6-59kk9,410763264
2026-10-10T12:38:49.001Z,puris-backend,supplier,puris-backend-7db65f9d6-59kk9,410755072
2026-10-10T12:39:04.001Z,puris-backend,supplier,puris-backend-7db65f9d6-59kk9,410759168
2026-10-10T12:39:19.001Z,puris-backend,supplier,puris-backend-7db65f9d6-59kk9,412069888
2026-10-10T12:39:34.001Z,puris-backend,supplier,puris-backend-7db65f9d6-59kk9,410771456
2026-10-10T12:39:49.001Z,puris-backend,supplier,puris-backend-7db65f9d6-59kk9,410771456
2026-10-10T12:40:04.001Z,puris-backend,supplier,puris-backend-7db65f9d6-59kk9,410771456
2026-10-10T12:40:19.001Z,puris-backend,supplier,puris-backend-7db65f9d6-59kk9,411320320
2026-10-10T12:40:34.001Z,puris-backend,supplier,puris-backend-7db65f9d6-59kk9,410787840
2026-10-10T12:40:49.001Z,puris-backend,supplier,puris-backend-7db65f9d6-59kk9,410787840
2026-10-10T12:41:04.001Z,puris-backend,supplier,puris-backend-7db65f9d6-59kk9,410787840
2026-10-10T12:41:19.001Z,puris-backend,supplier,puris-backend-7db65f9d6-59kk9,411049984
2026-10-10T12:41:34.001Z,puris-backend,supplier,puris-backend-7db65f9d6-59kk9,410783744
2026-10-10T12:41:49.001Z,puris-backend,supplier,puris-backend-7db65f9d6-59kk9,410787840
2026-10-10T12:42:04.001Z,puris-backend,supplier,puris-backend-7db65f9d6-59kk9,410787840
2026-10-10T12:42:19.001Z,puris-backend,supplier,puris-backend-7db65f9d6-59kk9,410787840
2026-10-10T12:42:34.001Z,puris-backend,supplier,puris-backend-7db65f9d6-59kk9,410787840
2026-10-10T12:42:49.001Z,puris-backend,supplier,puris-backend-7db65f9d6-59kk9,410787840
2026-10-10T12:43:04.001Z,puris-backend,supplier,puris-backend-7db65f9d6-59kk9,410787840
2026-10-10T12:43:19.001Z,puris-backend,supplier,puris-backend-7db65f9d6-59kk9,411140096
2026-10-10T12:43:34.001Z,puris-backend,supplier,puris-backend-7db65f9d6-59kk9,410906624
2026-10-10T12:43:49.001Z,puris-backend,supplier,puris-backend-7db65f9d6-59kk9,410894336
2026-10-10T12:44:04.001Z,puris-backend,supplier,puris-backend-7db65f9d6-59kk9,410894336
2026-10-10T12:44:19.001Z,puris-backend,supplier,puris-backend-7db65f9d6-59kk9,410894336
2026-10-10T12:44:34.001Z,puris-backend,supplier,puris-backend-7db65f9d6-59kk9,410894336
2026-10-10T12:44:49.001Z,puris-backend,supplier,puris-backend-7db65f9d6-59kk9,410898432
2026-10-10T12:45:04.001Z,puris-backend,supplier,puris-backend-7db65f9d6-59kk9,411172864
2026-10-10T12:45:19.001Z,puris-backend,supplier,puris-backend-7db65f9d6-59kk9,410927104
2026-10-10T12:45:34.001Z,puris-backend,supplier,puris-backend-7db65f9d6-59kk9,410927104
2026-10-10T12:45:49.001Z,puris-backend,supplier,puris-backend-7db65f9d6-59kk9,410951680
2026-10-10T12:46:04.001Z,puris-backend,supplier,puris-backend-7db65f9d6-59kk9,410939392
2026-10-10T12:46:19.001Z,puris-backend,supplier,puris-backend-7db65f9d6-59kk9,412016640
2026-10-10T12:46:34.001Z,puris-backend,supplier,puris-backend-7db65f9d6-59kk9,412016640
2026-10-10T12:46:49.001Z,puris-backend,supplier,puris-backend-7db65f9d6-59kk9,411734016
2026-10-10T12:47:04.001Z,puris-backend,supplier,puris-backend-7db65f9d6-59kk9,411754496
2026-10-10T12:47:19.001Z,puris-backend,supplier,puris-backend-7db65f9d6-59kk9,410947584
2026-10-10T12:47:34.001Z,puris-backend,supplier,puris-backend-7db65f9d6-59kk9,410947584
2026-10-10T12:47:49.001Z,puris-backend,supplier,puris-backend-7db65f9d6-59kk9,410947584
2026-10-10T12:48:04.001Z,puris-backend,supplier,puris-backend-7db65f9d6-59kk9,410947584
2026-10-10T12:48:19.001Z,puris-backend,supplier,puris-backend-7db65f9d6-59kk9,410947584
2026-10-10T12:48:34.001Z,puris-backend,supplier,puris-backend-7db65f9d6-59kk9,410947584
2026-10-10T12:48:49.001Z,puris-backend,supplier,puris-backend-7db65f9d6-59kk9,414543872
2026-10-10T12:49:04.001Z,puris-backend,supplier,puris-backend-7db65f9d6-59kk9,414543872
2026-10-10T12:49:19.001Z,puris-backend,supplier,puris-backend-7db65f9d6-59kk9,414543872
2026-10-10T12:49:34.001Z,puris-backend,supplier,puris-backend-7db65f9d6-59kk9,414728192
2026-10-10T12:49:49.001Z,puris-backend,supplier,puris-backend-7db65f9d6-59kk9,414732288
2026-10-10T12:50:04.001Z,puris-backend,supplier,puris-backend-7db65f9d6-59kk9,414732288
2026-10-10T12:50:19.001Z,puris-backend,supplier,puris-backend-7db65f9d6-59kk9,415481856
2026-10-10T12:50:34.001Z,puris-backend,supplier,puris-backend-7db65f9d6-59kk9,414789632
2026-10-10T12:50:49.001Z,puris-backend,supplier,puris-backend-7db65f9d6-59kk9,414871552
2026-10-10T12:51:04.001Z,puris-backend,supplier,puris-backend-7db65f9d6-59kk9,414887936
2026-10-10T12:51:19.001Z,puris-backend,supplier,puris-backend-7db65f9d6-59kk9,414969856
2026-10-10T12:51:34.001Z,puris-backend,supplier,puris-backend-7db65f9d6-59kk9,415133696
2026-10-10T12:51:49.001Z,puris-backend,supplier,puris-backend-7db65f9d6-59kk9,415141888
2026-10-10T12:52:04.001Z,puris-backend,supplier,puris-backend-7db65f9d6-59kk9,415141888
2026-10-10T12:52:19.001Z,puris-backend,supplier,puris-backend-7db65f9d6-59kk9,415133696
2026-10-10T12:52:34.001Z,puris-backend,supplier,puris-backend-7db65f9d6-59kk9,415133696
2026-10-10T12:52:49.001Z,puris-backend,supplier,puris-backend-7db65f9d6-59kk9,415404032
2026-10-10T12:53:04.001Z,puris-backend,supplier,puris-backend-7db65f9d6-59kk9,415133696
2026-10-10T12:53:19.001Z,puris-backend,supplier,puris-backend-7db65f9d6-59kk9,415133696
2026-10-10T12:53:34.001Z,puris-backend,supplier,puris-backend-7db65f9d6-59kk9,415133696
2026-10-10T12:53:49.001Z,puris-backend,supplier,puris-backend-7db65f9d6-59kk9,415137792
2026-10-10T12:54:04.001Z,puris-backend,supplier,puris-backend-7db65f9d6-59kk9,415137792
2026-10-10T12:54:19.001Z,puris-backend,supplier,puris-backend-7db65f9d6-59kk9,415137792
2026-10-10T12:54:34.001Z,puris-backend,supplier,puris-backend-7db65f9d6-59kk9,415150080
2026-10-10T12:54:49.001Z,puris-backend,supplier,puris-backend-7db65f9d6-59kk9,415420416
2026-10-10T12:55:04.001Z,puris-backend,supplier,puris-backend-7db65f9d6-59kk9,415150080
2026-10-10T12:55:19.001Z,puris-backend,supplier,puris-backend-7db65f9d6-59kk9,415719424
2026-10-10T12:55:34.001Z,puris-backend,supplier,puris-backend-7db65f9d6-59kk9,415191040
2026-10-10T12:55:49.001Z,puris-backend,supplier,puris-backend-7db65f9d6-59kk9,415191040
2026-10-10T12:56:04.001Z,puris-backend,supplier,puris-backend-7db65f9d6-59kk9,415191040
2026-10-10T12:56:19.001Z,puris-backend,supplier,puris-backend-7db65f9d6-59kk9,415191040
2026-10-10T12:56:34.001Z,puris-backend,supplier,puris-backend-7db65f9d6-59kk9,415191040
2026-10-10T12:56:49.001Z,puris-backend,supplier,puris-backend-7db65f9d6-59kk9,415191040
2026-10-10T12:57:04.001Z,puris-backend,supplier,puris-backend-7db65f9d6-59kk9,415191040
2026-10-10T12:57:19.001Z,puris-backend,supplier,puris-backend-7db65f9d6-59kk9,415191040
2026-10-10T12:22:49.001Z,ssi-dim-wallet-stub,identity,ssi-dim-wallet-stub-67d67c9c7b-prhcn,361447424
2026-10-10T12:23:04.001Z,ssi-dim-wallet-stub,identity,ssi-dim-wallet-stub-67d67c9c7b-prhcn,361435136
2026-10-10T12:23:19.001Z,ssi-dim-wallet-stub,identity,ssi-dim-wallet-stub-67d67c9c7b-prhcn,362475520
2026-10-10T12:23:34.001Z,ssi-dim-wallet-stub,identity,ssi-dim-wallet-stub-67d67c9c7b-prhcn,361435136
2026-10-10T12:23:49.001Z,ssi-dim-wallet-stub,identity,ssi-dim-wallet-stub-67d67c9c7b-prhcn,361435136
2026-10-10T12:24:04.001Z,ssi-dim-wallet-stub,identity,ssi-dim-wallet-stub-67d67c9c7b-prhcn,361435136
2026-10-10T12:24:19.001Z,ssi-dim-wallet-stub,identity,ssi-dim-wallet-stub-67d67c9c7b-prhcn,361435136
2026-10-10T12:24:34.001Z,ssi-dim-wallet-stub,identity,ssi-dim-wallet-stub-67d67c9c7b-prhcn,361435136
2026-10-10T12:24:49.001Z,ssi-dim-wallet-stub,identity,ssi-dim-wallet-stub-67d67c9c7b-prhcn,361435136
2026-10-10T12:25:04.001Z,ssi-dim-wallet-stub,identity,ssi-dim-wallet-stub-67d67c9c7b-prhcn,361435136
2026-10-10T12:25:19.001Z,ssi-dim-wallet-stub,identity,ssi-dim-wallet-stub-67d67c9c7b-prhcn,361435136
2026-10-10T12:25:34.001Z,ssi-dim-wallet-stub,identity,ssi-dim-wallet-stub-67d67c9c7b-prhcn,361701376
2026-10-10T12:25:49.001Z,ssi-dim-wallet-stub,identity,ssi-dim-wallet-stub-67d67c9c7b-prhcn,362213376
2026-10-10T12:26:04.001Z,ssi-dim-wallet-stub,identity,ssi-dim-wallet-stub-67d67c9c7b-prhcn,362483712
2026-10-10T12:26:19.001Z,ssi-dim-wallet-stub,identity,ssi-dim-wallet-stub-67d67c9c7b-prhcn,361693184
2026-10-10T12:26:34.001Z,ssi-dim-wallet-stub,identity,ssi-dim-wallet-stub-67d67c9c7b-prhcn,361459712
2026-10-10T12:26:49.001Z,ssi-dim-wallet-stub,identity,ssi-dim-wallet-stub-67d67c9c7b-prhcn,362749952
2026-10-10T12:27:04.001Z,ssi-dim-wallet-stub,identity,ssi-dim-wallet-stub-67d67c9c7b-prhcn,362749952
2026-10-10T12:27:19.001Z,ssi-dim-wallet-stub,identity,ssi-dim-wallet-stub-67d67c9c7b-prhcn,362491904
2026-10-10T12:27:34.001Z,ssi-dim-wallet-stub,identity,ssi-dim-wallet-stub-67d67c9c7b-prhcn,361967616
2026-10-10T12:27:49.001Z,ssi-dim-wallet-stub,identity,ssi-dim-wallet-stub-67d67c9c7b-prhcn,362242048
2026-10-10T12:28:04.001Z,ssi-dim-wallet-stub,identity,ssi-dim-wallet-stub-67d67c9c7b-prhcn,361725952
2026-10-10T12:28:19.001Z,ssi-dim-wallet-stub,identity,ssi-dim-wallet-stub-67d67c9c7b-prhcn,361992192
2026-10-10T12:28:34.001Z,ssi-dim-wallet-stub,identity,ssi-dim-wallet-stub-67d67c9c7b-prhcn,361725952
2026-10-10T12:28:49.001Z,ssi-dim-wallet-stub,identity,ssi-dim-wallet-stub-67d67c9c7b-prhcn,361648128
2026-10-10T12:29:04.001Z,ssi-dim-wallet-stub,identity,ssi-dim-wallet-stub-67d67c9c7b-prhcn,362012672
2026-10-10T12:29:19.001Z,ssi-dim-wallet-stub,identity,ssi-dim-wallet-stub-67d67c9c7b-prhcn,362295296
2026-10-10T12:29:34.001Z,ssi-dim-wallet-stub,identity,ssi-dim-wallet-stub-67d67c9c7b-prhcn,361766912
2026-10-10T12:29:49.001Z,ssi-dim-wallet-stub,identity,ssi-dim-wallet-stub-67d67c9c7b-prhcn,361787392
2026-10-10T12:30:04.001Z,ssi-dim-wallet-stub,identity,ssi-dim-wallet-stub-67d67c9c7b-prhcn,362082304
2026-10-10T12:30:19.001Z,ssi-dim-wallet-stub,identity,ssi-dim-wallet-stub-67d67c9c7b-prhcn,362074112
2026-10-10T12:30:34.001Z,ssi-dim-wallet-stub,identity,ssi-dim-wallet-stub-67d67c9c7b-prhcn,362348544
2026-10-10T12:30:49.001Z,ssi-dim-wallet-stub,identity,ssi-dim-wallet-stub-67d67c9c7b-prhcn,362336256
2026-10-10T12:31:04.001Z,ssi-dim-wallet-stub,identity,ssi-dim-wallet-stub-67d67c9c7b-prhcn,361562112
2026-10-10T12:31:19.001Z,ssi-dim-wallet-stub,identity,ssi-dim-wallet-stub-67d67c9c7b-prhcn,362610688
2026-10-10T12:31:34.001Z,ssi-dim-wallet-stub,identity,ssi-dim-wallet-stub-67d67c9c7b-prhcn,362610688
2026-10-10T12:31:49.001Z,ssi-dim-wallet-stub,identity,ssi-dim-wallet-stub-67d67c9c7b-prhcn,361574400
2026-10-10T12:32:04.001Z,ssi-dim-wallet-stub,identity,ssi-dim-wallet-stub-67d67c9c7b-prhcn,361566208
2026-10-10T12:32:19.001Z,ssi-dim-wallet-stub,identity,ssi-dim-wallet-stub-67d67c9c7b-prhcn,362631168
2026-10-10T12:32:34.001Z,ssi-dim-wallet-stub,identity,ssi-dim-wallet-stub-67d67c9c7b-prhcn,361574400
2026-10-10T12:32:49.001Z,ssi-dim-wallet-stub,identity,ssi-dim-wallet-stub-67d67c9c7b-prhcn,362115072
2026-10-10T12:33:04.001Z,ssi-dim-wallet-stub,identity,ssi-dim-wallet-stub-67d67c9c7b-prhcn,361615360
2026-10-10T12:33:19.001Z,ssi-dim-wallet-stub,identity,ssi-dim-wallet-stub-67d67c9c7b-prhcn,361861120
2026-10-10T12:33:34.001Z,ssi-dim-wallet-stub,identity,ssi-dim-wallet-stub-67d67c9c7b-prhcn,362393600
2026-10-10T12:33:49.001Z,ssi-dim-wallet-stub,identity,ssi-dim-wallet-stub-67d67c9c7b-prhcn,362381312
2026-10-10T12:34:04.001Z,ssi-dim-wallet-stub,identity,ssi-dim-wallet-stub-67d67c9c7b-prhcn,362381312
2026-10-10T12:34:19.001Z,ssi-dim-wallet-stub,identity,ssi-dim-wallet-stub-67d67c9c7b-prhcn,362639360
2026-10-10T12:34:34.001Z,ssi-dim-wallet-stub,identity,ssi-dim-wallet-stub-67d67c9c7b-prhcn,361598976
2026-10-10T12:34:49.001Z,ssi-dim-wallet-stub,identity,ssi-dim-wallet-stub-67d67c9c7b-prhcn,361877504
2026-10-10T12:35:04.001Z,ssi-dim-wallet-stub,identity,ssi-dim-wallet-stub-67d67c9c7b-prhcn,362393600
2026-10-10T12:35:19.001Z,ssi-dim-wallet-stub,identity,ssi-dim-wallet-stub-67d67c9c7b-prhcn,361889792
2026-10-10T12:35:34.001Z,ssi-dim-wallet-stub,identity,ssi-dim-wallet-stub-67d67c9c7b-prhcn,361635840
2026-10-10T12:35:49.001Z,ssi-dim-wallet-stub,identity,ssi-dim-wallet-stub-67d67c9c7b-prhcn,361631744
2026-10-10T12:36:04.001Z,ssi-dim-wallet-stub,identity,ssi-dim-wallet-stub-67d67c9c7b-prhcn,361631744
2026-10-10T12:36:19.001Z,ssi-dim-wallet-stub,identity,ssi-dim-wallet-stub-67d67c9c7b-prhcn,362700800
2026-10-10T12:36:34.001Z,ssi-dim-wallet-stub,identity,ssi-dim-wallet-stub-67d67c9c7b-prhcn,362696704
2026-10-10T12:36:49.001Z,ssi-dim-wallet-stub,identity,ssi-dim-wallet-stub-67d67c9c7b-prhcn,361656320
2026-10-10T12:37:04.001Z,ssi-dim-wallet-stub,identity,ssi-dim-wallet-stub-67d67c9c7b-prhcn,361660416
2026-10-10T12:37:19.001Z,ssi-dim-wallet-stub,identity,ssi-dim-wallet-stub-67d67c9c7b-prhcn,361648128
2026-10-10T12:37:34.001Z,ssi-dim-wallet-stub,identity,ssi-dim-wallet-stub-67d67c9c7b-prhcn,361652224
2026-10-10T12:37:49.001Z,ssi-dim-wallet-stub,identity,ssi-dim-wallet-stub-67d67c9c7b-prhcn,361639936
2026-10-10T12:38:04.001Z,ssi-dim-wallet-stub,identity,ssi-dim-wallet-stub-67d67c9c7b-prhcn,361639936
2026-10-10T12:38:19.001Z,ssi-dim-wallet-stub,identity,ssi-dim-wallet-stub-67d67c9c7b-prhcn,361639936
2026-10-10T12:38:34.001Z,ssi-dim-wallet-stub,identity,ssi-dim-wallet-stub-67d67c9c7b-prhcn,362438656
2026-10-10T12:38:49.001Z,ssi-dim-wallet-stub,identity,ssi-dim-wallet-stub-67d67c9c7b-prhcn,362180608
2026-10-10T12:39:04.001Z,ssi-dim-wallet-stub,identity,ssi-dim-wallet-stub-67d67c9c7b-prhcn,361676800
2026-10-10T12:39:19.001Z,ssi-dim-wallet-stub,identity,ssi-dim-wallet-stub-67d67c9c7b-prhcn,361676800
2026-10-10T12:39:34.001Z,ssi-dim-wallet-stub,identity,ssi-dim-wallet-stub-67d67c9c7b-prhcn,362049536
2026-10-10T12:39:49.001Z,ssi-dim-wallet-stub,identity,ssi-dim-wallet-stub-67d67c9c7b-prhcn,362737664
2026-10-10T12:40:04.001Z,ssi-dim-wallet-stub,identity,ssi-dim-wallet-stub-67d67c9c7b-prhcn,361697280
2026-10-10T12:40:19.001Z,ssi-dim-wallet-stub,identity,ssi-dim-wallet-stub-67d67c9c7b-prhcn,361689088
2026-10-10T12:40:34.001Z,ssi-dim-wallet-stub,identity,ssi-dim-wallet-stub-67d67c9c7b-prhcn,361684992
2026-10-10T12:40:49.001Z,ssi-dim-wallet-stub,identity,ssi-dim-wallet-stub-67d67c9c7b-prhcn,361684992
2026-10-10T12:41:04.001Z,ssi-dim-wallet-stub,identity,ssi-dim-wallet-stub-67d67c9c7b-prhcn,361680896
2026-10-10T12:41:19.001Z,ssi-dim-wallet-stub,identity,ssi-dim-wallet-stub-67d67c9c7b-prhcn,361676800
2026-10-10T12:41:34.001Z,ssi-dim-wallet-stub,identity,ssi-dim-wallet-stub-67d67c9c7b-prhcn,362082304
2026-10-10T12:41:49.001Z,ssi-dim-wallet-stub,identity,ssi-dim-wallet-stub-67d67c9c7b-prhcn,362463232
2026-10-10T12:42:04.001Z,ssi-dim-wallet-stub,identity,ssi-dim-wallet-stub-67d67c9c7b-prhcn,362467328
2026-10-10T12:42:19.001Z,ssi-dim-wallet-stub,identity,ssi-dim-wallet-stub-67d67c9c7b-prhcn,361676800
2026-10-10T12:42:34.001Z,ssi-dim-wallet-stub,identity,ssi-dim-wallet-stub-67d67c9c7b-prhcn,361701376
2026-10-10T12:42:49.001Z,ssi-dim-wallet-stub,identity,ssi-dim-wallet-stub-67d67c9c7b-prhcn,363339776
2026-10-10T12:43:04.001Z,ssi-dim-wallet-stub,identity,ssi-dim-wallet-stub-67d67c9c7b-prhcn,364453888
2026-10-10T12:43:19.001Z,ssi-dim-wallet-stub,identity,ssi-dim-wallet-stub-67d67c9c7b-prhcn,364597248
2026-10-10T12:43:34.001Z,ssi-dim-wallet-stub,identity,ssi-dim-wallet-stub-67d67c9c7b-prhcn,364597248
2026-10-10T12:43:49.001Z,ssi-dim-wallet-stub,identity,ssi-dim-wallet-stub-67d67c9c7b-prhcn,362414080
2026-10-10T12:44:04.001Z,ssi-dim-wallet-stub,identity,ssi-dim-wallet-stub-67d67c9c7b-prhcn,363524096
2026-10-10T12:44:19.001Z,ssi-dim-wallet-stub,identity,ssi-dim-wallet-stub-67d67c9c7b-prhcn,364326912
2026-10-10T12:44:34.001Z,ssi-dim-wallet-stub,identity,ssi-dim-wallet-stub-67d67c9c7b-prhcn,364404736
2026-10-10T12:44:49.001Z,ssi-dim-wallet-stub,identity,ssi-dim-wallet-stub-67d67c9c7b-prhcn,365203456
2026-10-10T12:45:04.001Z,ssi-dim-wallet-stub,identity,ssi-dim-wallet-stub-67d67c9c7b-prhcn,365383680
2026-10-10T12:45:19.001Z,ssi-dim-wallet-stub,identity,ssi-dim-wallet-stub-67d67c9c7b-prhcn,365871104
2026-10-10T12:45:34.001Z,ssi-dim-wallet-stub,identity,ssi-dim-wallet-stub-67d67c9c7b-prhcn,364109824
2026-10-10T12:45:49.001Z,ssi-dim-wallet-stub,identity,ssi-dim-wallet-stub-67d67c9c7b-prhcn,366055424
2026-10-10T12:46:04.001Z,ssi-dim-wallet-stub,identity,ssi-dim-wallet-stub-67d67c9c7b-prhcn,366759936
2026-10-10T12:46:19.001Z,ssi-dim-wallet-stub,identity,ssi-dim-wallet-stub-67d67c9c7b-prhcn,365555712
2026-10-10T12:46:34.001Z,ssi-dim-wallet-stub,identity,ssi-dim-wallet-stub-67d67c9c7b-prhcn,364834816
2026-10-10T12:46:49.001Z,ssi-dim-wallet-stub,identity,ssi-dim-wallet-stub-67d67c9c7b-prhcn,367042560
2026-10-10T12:47:04.001Z,ssi-dim-wallet-stub,identity,ssi-dim-wallet-stub-67d67c9c7b-prhcn,367284224
2026-10-10T12:47:19.001Z,ssi-dim-wallet-stub,identity,ssi-dim-wallet-stub-67d67c9c7b-prhcn,365740032
2026-10-10T12:47:34.001Z,ssi-dim-wallet-stub,identity,ssi-dim-wallet-stub-67d67c9c7b-prhcn,367300608
2026-10-10T12:47:49.001Z,ssi-dim-wallet-stub,identity,ssi-dim-wallet-stub-67d67c9c7b-prhcn,365826048
2026-10-10T12:48:04.001Z,ssi-dim-wallet-stub,identity,ssi-dim-wallet-stub-67d67c9c7b-prhcn,367984640
2026-10-10T12:48:19.001Z,ssi-dim-wallet-stub,identity,ssi-dim-wallet-stub-67d67c9c7b-prhcn,367984640
2026-10-10T12:48:34.001Z,ssi-dim-wallet-stub,identity,ssi-dim-wallet-stub-67d67c9c7b-prhcn,365072384
2026-10-10T12:48:49.001Z,ssi-dim-wallet-stub,identity,ssi-dim-wallet-stub-67d67c9c7b-prhcn,366641152
2026-10-10T12:49:04.001Z,ssi-dim-wallet-stub,identity,ssi-dim-wallet-stub-67d67c9c7b-prhcn,366694400
2026-10-10T12:49:19.001Z,ssi-dim-wallet-stub,identity,ssi-dim-wallet-stub-67d67c9c7b-prhcn,365686784
2026-10-10T12:49:34.001Z,ssi-dim-wallet-stub,identity,ssi-dim-wallet-stub-67d67c9c7b-prhcn,365707264
2026-10-10T12:49:49.001Z,ssi-dim-wallet-stub,identity,ssi-dim-wallet-stub-67d67c9c7b-prhcn,365694976
2026-10-10T12:50:04.001Z,ssi-dim-wallet-stub,identity,ssi-dim-wallet-stub-67d67c9c7b-prhcn,366469120
2026-10-10T12:50:19.001Z,ssi-dim-wallet-stub,identity,ssi-dim-wallet-stub-67d67c9c7b-prhcn,365162496
2026-10-10T12:50:34.001Z,ssi-dim-wallet-stub,identity,ssi-dim-wallet-stub-67d67c9c7b-prhcn,365162496
2026-10-10T12:50:49.001Z,ssi-dim-wallet-stub,identity,ssi-dim-wallet-stub-67d67c9c7b-prhcn,365715456
2026-10-10T12:51:04.001Z,ssi-dim-wallet-stub,identity,ssi-dim-wallet-stub-67d67c9c7b-prhcn,365715456
2026-10-10T12:51:19.001Z,ssi-dim-wallet-stub,identity,ssi-dim-wallet-stub-67d67c9c7b-prhcn,365187072
2026-10-10T12:51:34.001Z,ssi-dim-wallet-stub,identity,ssi-dim-wallet-stub-67d67c9c7b-prhcn,366505984
2026-10-10T12:51:49.001Z,ssi-dim-wallet-stub,identity,ssi-dim-wallet-stub-67d67c9c7b-prhcn,366256128
2026-10-10T12:52:04.001Z,ssi-dim-wallet-stub,identity,ssi-dim-wallet-stub-67d67c9c7b-prhcn,365199360
2026-10-10T12:52:19.001Z,ssi-dim-wallet-stub,identity,ssi-dim-wallet-stub-67d67c9c7b-prhcn,365719552
2026-10-10T12:52:34.001Z,ssi-dim-wallet-stub,identity,ssi-dim-wallet-stub-67d67c9c7b-prhcn,365473792
2026-10-10T12:52:49.001Z,ssi-dim-wallet-stub,identity,ssi-dim-wallet-stub-67d67c9c7b-prhcn,366268416
2026-10-10T12:53:04.001Z,ssi-dim-wallet-stub,identity,ssi-dim-wallet-stub-67d67c9c7b-prhcn,365502464
2026-10-10T12:53:19.001Z,ssi-dim-wallet-stub,identity,ssi-dim-wallet-stub-67d67c9c7b-prhcn,366313472
2026-10-10T12:53:34.001Z,ssi-dim-wallet-stub,identity,ssi-dim-wallet-stub-67d67c9c7b-prhcn,366075904
2026-10-10T12:53:49.001Z,ssi-dim-wallet-stub,identity,ssi-dim-wallet-stub-67d67c9c7b-prhcn,366571520
2026-10-10T12:54:04.001Z,ssi-dim-wallet-stub,identity,ssi-dim-wallet-stub-67d67c9c7b-prhcn,366374912
2026-10-10T12:54:19.001Z,ssi-dim-wallet-stub,identity,ssi-dim-wallet-stub-67d67c9c7b-prhcn,365584384
2026-10-10T12:54:34.001Z,ssi-dim-wallet-stub,identity,ssi-dim-wallet-stub-67d67c9c7b-prhcn,365330432
2026-10-10T12:54:49.001Z,ssi-dim-wallet-stub,identity,ssi-dim-wallet-stub-67d67c9c7b-prhcn,365330432
2026-10-10T12:55:04.001Z,ssi-dim-wallet-stub,identity,ssi-dim-wallet-stub-67d67c9c7b-prhcn,366112768
2026-10-10T12:55:19.001Z,ssi-dim-wallet-stub,identity,ssi-dim-wallet-stub-67d67c9c7b-prhcn,367198208
2026-10-10T12:55:34.001Z,ssi-dim-wallet-stub,identity,ssi-dim-wallet-stub-67d67c9c7b-prhcn,367198208
2026-10-10T12:55:49.001Z,ssi-dim-wallet-stub,identity,ssi-dim-wallet-stub-67d67c9c7b-prhcn,367263744
2026-10-10T12:56:04.001Z,ssi-dim-wallet-stub,identity,ssi-dim-wallet-stub-67d67c9c7b-prhcn,367263744
2026-10-10T12:56:19.001Z,ssi-dim-wallet-stub,identity,ssi-dim-wallet-stub-67d67c9c7b-prhcn,367874048
2026-10-10T12:56:34.001Z,ssi-dim-wallet-stub,identity,ssi-dim-wallet-stub-67d67c9c7b-prhcn,367874048
2026-10-10T12:56:49.001Z,ssi-dim-wallet-stub,identity,ssi-dim-wallet-stub-67d67c9c7b-prhcn,366235648
2026-10-10T12:57:04.001Z,ssi-dim-wallet-stub,identity,ssi-dim-wallet-stub-67d67c9c7b-prhcn,367628288
2026-10-10T12:57:19.001Z,ssi-dim-wallet-stub,identity,ssi-dim-wallet-stub-67d67c9c7b-prhcn,367382528
2026-10-10T12:22:49.001Z,tractusx-connector,customer,edc-controlplane-f84fd647f-q52jr,225570816
2026-10-10T12:23:04.001Z,tractusx-connector,customer,edc-controlplane-f84fd647f-q52jr,227209216
2026-10-10T12:23:19.001Z,tractusx-connector,customer,edc-controlplane-f84fd647f-q52jr,229527552
2026-10-10T12:23:34.001Z,tractusx-connector,customer,edc-controlplane-f84fd647f-q52jr,230526976
2026-10-10T12:23:49.001Z,tractusx-connector,customer,edc-controlplane-f84fd647f-q52jr,232488960
2026-10-10T12:24:04.001Z,tractusx-connector,customer,edc-controlplane-f84fd647f-q52jr,244146176
2026-10-10T12:24:19.001Z,tractusx-connector,customer,edc-controlplane-f84fd647f-q52jr,235278336
2026-10-10T12:24:34.001Z,tractusx-connector,customer,edc-controlplane-f84fd647f-q52jr,235278336
2026-10-10T12:24:49.001Z,tractusx-connector,customer,edc-controlplane-f84fd647f-q52jr,236679168
2026-10-10T12:25:04.001Z,tractusx-connector,customer,edc-controlplane-f84fd647f-q52jr,238891008
2026-10-10T12:25:19.001Z,tractusx-connector,customer,edc-controlplane-f84fd647f-q52jr,246108160
2026-10-10T12:25:34.001Z,tractusx-connector,customer,edc-controlplane-f84fd647f-q52jr,243687424
2026-10-10T12:25:49.001Z,tractusx-connector,customer,edc-controlplane-f84fd647f-q52jr,253386752
2026-10-10T12:26:04.001Z,tractusx-connector,customer,edc-controlplane-f84fd647f-q52jr,247005184
2026-10-10T12:26:19.001Z,tractusx-connector,customer,edc-controlplane-f84fd647f-q52jr,247652352
2026-10-10T12:26:34.001Z,tractusx-connector,customer,edc-controlplane-f84fd647f-q52jr,248999936
2026-10-10T12:26:49.001Z,tractusx-connector,customer,edc-controlplane-f84fd647f-q52jr,255295488
2026-10-10T12:27:04.001Z,tractusx-connector,customer,edc-controlplane-f84fd647f-q52jr,250470400
2026-10-10T12:27:19.001Z,tractusx-connector,customer,edc-controlplane-f84fd647f-q52jr,250470400
2026-10-10T12:27:34.001Z,tractusx-connector,customer,edc-controlplane-f84fd647f-q52jr,255041536
2026-10-10T12:27:49.001Z,tractusx-connector,customer,edc-controlplane-f84fd647f-q52jr,253235200
2026-10-10T12:28:04.001Z,tractusx-connector,customer,edc-controlplane-f84fd647f-q52jr,255156224
2026-10-10T12:28:19.001Z,tractusx-connector,customer,edc-controlplane-f84fd647f-q52jr,256884736
2026-10-10T12:28:34.001Z,tractusx-connector,customer,edc-controlplane-f84fd647f-q52jr,257896448
2026-10-10T12:28:49.001Z,tractusx-connector,customer,edc-controlplane-f84fd647f-q52jr,258797568
2026-10-10T12:29:04.001Z,tractusx-connector,customer,edc-controlplane-f84fd647f-q52jr,258908160
2026-10-10T12:29:19.001Z,tractusx-connector,customer,edc-controlplane-f84fd647f-q52jr,258908160
2026-10-10T12:29:34.001Z,tractusx-connector,customer,edc-controlplane-f84fd647f-q52jr,263028736
2026-10-10T12:29:49.001Z,tractusx-connector,customer,edc-controlplane-f84fd647f-q52jr,263553024
2026-10-10T12:30:04.001Z,tractusx-connector,customer,edc-controlplane-f84fd647f-q52jr,266809344
2026-10-10T12:30:19.001Z,tractusx-connector,customer,edc-controlplane-f84fd647f-q52jr,268746752
2026-10-10T12:30:34.001Z,tractusx-connector,customer,edc-controlplane-f84fd647f-q52jr,267776000
2026-10-10T12:30:49.001Z,tractusx-connector,customer,edc-controlplane-f84fd647f-q52jr,267776000
2026-10-10T12:31:04.001Z,tractusx-connector,customer,edc-controlplane-f84fd647f-q52jr,268357632
2026-10-10T12:31:19.001Z,tractusx-connector,customer,edc-controlplane-f84fd647f-q52jr,270700544
2026-10-10T12:31:34.001Z,tractusx-connector,customer,edc-controlplane-f84fd647f-q52jr,270700544
2026-10-10T12:31:49.001Z,tractusx-connector,customer,edc-controlplane-f84fd647f-q52jr,270614528
2026-10-10T12:32:04.001Z,tractusx-connector,customer,edc-controlplane-f84fd647f-q52jr,270614528
2026-10-10T12:32:19.001Z,tractusx-connector,customer,edc-controlplane-f84fd647f-q52jr,273694720
2026-10-10T12:32:34.001Z,tractusx-connector,customer,edc-controlplane-f84fd647f-q52jr,275419136
2026-10-10T12:32:49.001Z,tractusx-connector,customer,edc-controlplane-f84fd647f-q52jr,274485248
2026-10-10T12:33:04.001Z,tractusx-connector,customer,edc-controlplane-f84fd647f-q52jr,276987904
2026-10-10T12:33:19.001Z,tractusx-connector,customer,edc-controlplane-f84fd647f-q52jr,278482944
2026-10-10T12:33:34.001Z,tractusx-connector,customer,edc-controlplane-f84fd647f-q52jr,278355968
2026-10-10T12:33:49.001Z,tractusx-connector,customer,edc-controlplane-f84fd647f-q52jr,278978560
2026-10-10T12:34:04.001Z,tractusx-connector,customer,edc-controlplane-f84fd647f-q52jr,281411584
2026-10-10T12:34:19.001Z,tractusx-connector,customer,edc-controlplane-f84fd647f-q52jr,281411584
2026-10-10T12:34:34.001Z,tractusx-connector,customer,edc-controlplane-f84fd647f-q52jr,280748032
2026-10-10T12:34:49.001Z,tractusx-connector,customer,edc-controlplane-f84fd647f-q52jr,281780224
2026-10-10T12:35:04.001Z,tractusx-connector,customer,edc-controlplane-f84fd647f-q52jr,283398144
2026-10-10T12:35:19.001Z,tractusx-connector,customer,edc-controlplane-f84fd647f-q52jr,285478912
2026-10-10T12:35:34.001Z,tractusx-connector,customer,edc-controlplane-f84fd647f-q52jr,285966336
2026-10-10T12:35:49.001Z,tractusx-connector,customer,edc-controlplane-f84fd647f-q52jr,288280576
2026-10-10T12:36:04.001Z,tractusx-connector,customer,edc-controlplane-f84fd647f-q52jr,289345536
2026-10-10T12:36:19.001Z,tractusx-connector,customer,edc-controlplane-f84fd647f-q52jr,290365440
2026-10-10T12:36:34.001Z,tractusx-connector,customer,edc-controlplane-f84fd647f-q52jr,292536320
2026-10-10T12:36:49.001Z,tractusx-connector,customer,edc-controlplane-f84fd647f-q52jr,294920192
2026-10-10T12:37:04.001Z,tractusx-connector,customer,edc-controlplane-f84fd647f-q52jr,293007360
2026-10-10T12:37:19.001Z,tractusx-connector,customer,edc-controlplane-f84fd647f-q52jr,321581056
2026-10-10T12:37:34.001Z,tractusx-connector,customer,edc-controlplane-f84fd647f-q52jr,415055872
2026-10-10T12:37:49.001Z,tractusx-connector,customer,edc-controlplane-f84fd647f-q52jr,492105728
2026-10-10T12:38:04.001Z,tractusx-connector,customer,edc-controlplane-f84fd647f-q52jr,496291840
2026-10-10T12:38:19.001Z,tractusx-connector,customer,edc-controlplane-f84fd647f-q52jr,497717248
2026-10-10T12:38:34.001Z,tractusx-connector,customer,edc-controlplane-f84fd647f-q52jr,498982912
2026-10-10T12:38:49.001Z,tractusx-connector,customer,edc-controlplane-f84fd647f-q52jr,499433472
2026-10-10T12:39:04.001Z,tractusx-connector,customer,edc-controlplane-f84fd647f-q52jr,501366784
2026-10-10T12:39:19.001Z,tractusx-connector,customer,edc-controlplane-f84fd647f-q52jr,500207616
2026-10-10T12:39:34.001Z,tractusx-connector,customer,edc-controlplane-f84fd647f-q52jr,499781632
2026-10-10T12:39:49.001Z,tractusx-connector,customer,edc-controlplane-f84fd647f-q52jr,501280768
2026-10-10T12:40:04.001Z,tractusx-connector,customer,edc-controlplane-f84fd647f-q52jr,500789248
2026-10-10T12:40:19.001Z,tractusx-connector,customer,edc-controlplane-f84fd647f-q52jr,502222848
2026-10-10T12:40:34.001Z,tractusx-connector,customer,edc-controlplane-f84fd647f-q52jr,502239232
2026-10-10T12:40:49.001Z,tractusx-connector,customer,edc-controlplane-f84fd647f-q52jr,502321152
2026-10-10T12:41:04.001Z,tractusx-connector,customer,edc-controlplane-f84fd647f-q52jr,504041472
2026-10-10T12:41:19.001Z,tractusx-connector,customer,edc-controlplane-f84fd647f-q52jr,504041472
2026-10-10T12:41:34.001Z,tractusx-connector,customer,edc-controlplane-f84fd647f-q52jr,505524224
2026-10-10T12:41:49.001Z,tractusx-connector,customer,edc-controlplane-f84fd647f-q52jr,505524224
2026-10-10T12:42:04.001Z,tractusx-connector,customer,edc-controlplane-f84fd647f-q52jr,508514304
2026-10-10T12:42:19.001Z,tractusx-connector,customer,edc-controlplane-f84fd647f-q52jr,508514304
2026-10-10T12:42:34.001Z,tractusx-connector,customer,edc-controlplane-f84fd647f-q52jr,510562304
2026-10-10T12:42:49.001Z,tractusx-connector,customer,edc-controlplane-f84fd647f-q52jr,522264576
2026-10-10T12:43:04.001Z,tractusx-connector,customer,edc-controlplane-f84fd647f-q52jr,523603968
2026-10-10T12:43:19.001Z,tractusx-connector,customer,edc-controlplane-f84fd647f-q52jr,508452864
2026-10-10T12:43:34.001Z,tractusx-connector,customer,edc-controlplane-f84fd647f-q52jr,9035776
2026-10-10T12:43:49.001Z,tractusx-connector,customer,edc-controlplane-f84fd647f-q52jr,177156096
2026-10-10T12:44:04.001Z,tractusx-connector,customer,edc-controlplane-f84fd647f-q52jr,203108352
2026-10-10T12:44:19.001Z,tractusx-connector,customer,edc-controlplane-f84fd647f-q52jr,268750848
2026-10-10T12:44:34.001Z,tractusx-connector,customer,edc-controlplane-f84fd647f-q52jr,401219584
2026-10-10T12:44:49.001Z,tractusx-connector,customer,edc-controlplane-f84fd647f-q52jr,475885568
2026-10-10T12:45:04.001Z,tractusx-connector,customer,edc-controlplane-f84fd647f-q52jr,482426880
2026-10-10T12:45:19.001Z,tractusx-connector,customer,edc-controlplane-f84fd647f-q52jr,484536320
2026-10-10T12:45:34.001Z,tractusx-connector,customer,edc-controlplane-f84fd647f-q52jr,490405888
2026-10-10T12:45:49.001Z,tractusx-connector,customer,edc-controlplane-f84fd647f-q52jr,495403008
2026-10-10T12:46:04.001Z,tractusx-connector,customer,edc-controlplane-f84fd647f-q52jr,502444032
2026-10-10T12:46:19.001Z,tractusx-connector,customer,edc-controlplane-f84fd647f-q52jr,508342272
2026-10-10T12:46:34.001Z,tractusx-connector,customer,edc-controlplane-f84fd647f-q52jr,513159168
2026-10-10T12:46:49.001Z,tractusx-connector,customer,edc-controlplane-f84fd647f-q52jr,518029312
2026-10-10T12:47:04.001Z,tractusx-connector,customer,edc-controlplane-f84fd647f-q52jr,521752576
2026-10-10T12:47:19.001Z,tractusx-connector,customer,edc-controlplane-f84fd647f-q52jr,526950400
2026-10-10T12:47:34.001Z,tractusx-connector,customer,edc-controlplane-f84fd647f-q52jr,531623936
2026-10-10T12:47:49.001Z,tractusx-connector,customer,edc-controlplane-f84fd647f-q52jr,533471232
2026-10-10T12:48:04.001Z,tractusx-connector,customer,edc-controlplane-f84fd647f-q52jr,528080896
2026-10-10T12:48:19.001Z,tractusx-connector,customer,edc-controlplane-f84fd647f-q52jr,532258816
2026-10-10T12:48:34.001Z,tractusx-connector,customer,edc-controlplane-f84fd647f-q52jr,13086720
2026-10-10T12:48:49.001Z,tractusx-connector,customer,edc-controlplane-f84fd647f-q52jr,185434112
2026-10-10T12:49:04.001Z,tractusx-connector,customer,edc-controlplane-f84fd647f-q52jr,220856320
2026-10-10T12:49:19.001Z,tractusx-connector,customer,edc-controlplane-f84fd647f-q52jr,312631296
2026-10-10T12:49:34.001Z,tractusx-connector,customer,edc-controlplane-f84fd647f-q52jr,387579904
2026-10-10T12:49:49.001Z,tractusx-connector,customer,edc-controlplane-f84fd647f-q52jr,462770176
2026-10-10T12:50:04.001Z,tractusx-connector,customer,edc-controlplane-f84fd647f-q52jr,462942208
2026-10-10T12:50:19.001Z,tractusx-connector,customer,edc-controlplane-f84fd647f-q52jr,480256000
2026-10-10T12:50:34.001Z,tractusx-connector,customer,edc-controlplane-f84fd647f-q52jr,471326720
2026-10-10T12:50:49.001Z,tractusx-connector,customer,edc-controlplane-f84fd647f-q52jr,472924160
2026-10-10T12:51:04.001Z,tractusx-connector,customer,edc-controlplane-f84fd647f-q52jr,473714688
2026-10-10T12:51:19.001Z,tractusx-connector,customer,edc-controlplane-f84fd647f-q52jr,476065792
2026-10-10T12:51:34.001Z,tractusx-connector,customer,edc-controlplane-f84fd647f-q52jr,476065792
2026-10-10T12:51:49.001Z,tractusx-connector,customer,edc-controlplane-f84fd647f-q52jr,480628736
2026-10-10T12:52:04.001Z,tractusx-connector,customer,edc-controlplane-f84fd647f-q52jr,485814272
2026-10-10T12:52:19.001Z,tractusx-connector,customer,edc-controlplane-f84fd647f-q52jr,475824128
2026-10-10T12:52:34.001Z,tractusx-connector,customer,edc-controlplane-f84fd647f-q52jr,471236608
2026-10-10T12:52:49.001Z,tractusx-connector,customer,edc-controlplane-f84fd647f-q52jr,478294016
2026-10-10T12:53:04.001Z,tractusx-connector,customer,edc-controlplane-f84fd647f-q52jr,483868672
2026-10-10T12:53:19.001Z,tractusx-connector,customer,edc-controlplane-f84fd647f-q52jr,474488832
2026-10-10T12:53:34.001Z,tractusx-connector,customer,edc-controlplane-f84fd647f-q52jr,478806016
2026-10-10T12:53:49.001Z,tractusx-connector,customer,edc-controlplane-f84fd647f-q52jr,476151808
2026-10-10T12:54:04.001Z,tractusx-connector,customer,edc-controlplane-f84fd647f-q52jr,475766784
2026-10-10T12:54:19.001Z,tractusx-connector,customer,edc-controlplane-f84fd647f-q52jr,475766784
2026-10-10T12:54:34.001Z,tractusx-connector,customer,edc-controlplane-f84fd647f-q52jr,486572032
2026-10-10T12:54:49.001Z,tractusx-connector,customer,edc-controlplane-f84fd647f-q52jr,482172928
2026-10-10T12:55:04.001Z,tractusx-connector,customer,edc-controlplane-f84fd647f-q52jr,482172928
2026-10-10T12:55:19.001Z,tractusx-connector,customer,edc-controlplane-f84fd647f-q52jr,483549184
2026-10-10T12:55:34.001Z,tractusx-connector,customer,edc-controlplane-f84fd647f-q52jr,491794432
2026-10-10T12:55:49.001Z,tractusx-connector,customer,edc-controlplane-f84fd647f-q52jr,485179392
2026-10-10T12:56:04.001Z,tractusx-connector,customer,edc-controlplane-f84fd647f-q52jr,489463808
2026-10-10T12:56:19.001Z,tractusx-connector,customer,edc-controlplane-f84fd647f-q52jr,493428736
2026-10-10T12:56:34.001Z,tractusx-connector,customer,edc-controlplane-f84fd647f-q52jr,503746560
2026-10-10T12:56:49.001Z,tractusx-connector,customer,edc-controlplane-f84fd647f-q52jr,495644672
2026-10-10T12:57:04.001Z,tractusx-connector,customer,edc-controlplane-f84fd647f-q52jr,498257920
2026-10-10T12:57:19.001Z,tractusx-connector,customer,edc-controlplane-f84fd647f-q52jr,505962496
2026-10-10T12:22:49.001Z,tractusx-connector,customer,edc-dataplane-7444b88f67-ljrb5,151109632
2026-10-10T12:23:04.001Z,tractusx-connector,customer,edc-dataplane-7444b88f67-ljrb5,151396352
2026-10-10T12:23:19.001Z,tractusx-connector,customer,edc-dataplane-7444b88f67-ljrb5,151171072
2026-10-10T12:23:34.001Z,tractusx-connector,customer,edc-dataplane-7444b88f67-ljrb5,152322048
2026-10-10T12:23:49.001Z,tractusx-connector,customer,edc-dataplane-7444b88f67-ljrb5,151855104
2026-10-10T12:24:04.001Z,tractusx-connector,customer,edc-dataplane-7444b88f67-ljrb5,151715840
2026-10-10T12:24:19.001Z,tractusx-connector,customer,edc-dataplane-7444b88f67-ljrb5,154144768
2026-10-10T12:24:34.001Z,tractusx-connector,customer,edc-dataplane-7444b88f67-ljrb5,152457216
2026-10-10T12:24:49.001Z,tractusx-connector,customer,edc-dataplane-7444b88f67-ljrb5,152182784
2026-10-10T12:25:04.001Z,tractusx-connector,customer,edc-dataplane-7444b88f67-ljrb5,152494080
2026-10-10T12:25:19.001Z,tractusx-connector,customer,edc-dataplane-7444b88f67-ljrb5,153411584
2026-10-10T12:25:34.001Z,tractusx-connector,customer,edc-dataplane-7444b88f67-ljrb5,152457216
2026-10-10T12:25:49.001Z,tractusx-connector,customer,edc-dataplane-7444b88f67-ljrb5,152944640
2026-10-10T12:26:04.001Z,tractusx-connector,customer,edc-dataplane-7444b88f67-ljrb5,153329664
2026-10-10T12:26:19.001Z,tractusx-connector,customer,edc-dataplane-7444b88f67-ljrb5,153636864
2026-10-10T12:26:34.001Z,tractusx-connector,customer,edc-dataplane-7444b88f67-ljrb5,153444352
2026-10-10T12:26:49.001Z,tractusx-connector,customer,edc-dataplane-7444b88f67-ljrb5,154206208
2026-10-10T12:27:04.001Z,tractusx-connector,customer,edc-dataplane-7444b88f67-ljrb5,153726976
2026-10-10T12:27:19.001Z,tractusx-connector,customer,edc-dataplane-7444b88f67-ljrb5,153604096
2026-10-10T12:27:34.001Z,tractusx-connector,customer,edc-dataplane-7444b88f67-ljrb5,153882624
2026-10-10T12:27:49.001Z,tractusx-connector,customer,edc-dataplane-7444b88f67-ljrb5,153698304
2026-10-10T12:28:04.001Z,tractusx-connector,customer,edc-dataplane-7444b88f67-ljrb5,154996736
2026-10-10T12:28:19.001Z,tractusx-connector,customer,edc-dataplane-7444b88f67-ljrb5,154071040
2026-10-10T12:28:34.001Z,tractusx-connector,customer,edc-dataplane-7444b88f67-ljrb5,153939968
2026-10-10T12:28:49.001Z,tractusx-connector,customer,edc-dataplane-7444b88f67-ljrb5,153939968
2026-10-10T12:29:04.001Z,tractusx-connector,customer,edc-dataplane-7444b88f67-ljrb5,154013696
2026-10-10T12:29:19.001Z,tractusx-connector,customer,edc-dataplane-7444b88f67-ljrb5,154210304
2026-10-10T12:29:34.001Z,tractusx-connector,customer,edc-dataplane-7444b88f67-ljrb5,154812416
2026-10-10T12:29:49.001Z,tractusx-connector,customer,edc-dataplane-7444b88f67-ljrb5,154812416
2026-10-10T12:30:04.001Z,tractusx-connector,customer,edc-dataplane-7444b88f67-ljrb5,154435584
2026-10-10T12:30:19.001Z,tractusx-connector,customer,edc-dataplane-7444b88f67-ljrb5,154791936
2026-10-10T12:30:34.001Z,tractusx-connector,customer,edc-dataplane-7444b88f67-ljrb5,155045888
2026-10-10T12:30:49.001Z,tractusx-connector,customer,edc-dataplane-7444b88f67-ljrb5,154660864
2026-10-10T12:31:04.001Z,tractusx-connector,customer,edc-dataplane-7444b88f67-ljrb5,155561984
2026-10-10T12:31:19.001Z,tractusx-connector,customer,edc-dataplane-7444b88f67-ljrb5,155471872
2026-10-10T12:31:34.001Z,tractusx-connector,customer,edc-dataplane-7444b88f67-ljrb5,155086848
2026-10-10T12:31:49.001Z,tractusx-connector,customer,edc-dataplane-7444b88f67-ljrb5,155246592
2026-10-10T12:32:04.001Z,tractusx-connector,customer,edc-dataplane-7444b88f67-ljrb5,156082176
2026-10-10T12:32:19.001Z,tractusx-connector,customer,edc-dataplane-7444b88f67-ljrb5,155799552
2026-10-10T12:32:34.001Z,tractusx-connector,customer,edc-dataplane-7444b88f67-ljrb5,155762688
2026-10-10T12:32:49.001Z,tractusx-connector,customer,edc-dataplane-7444b88f67-ljrb5,156221440
2026-10-10T12:33:04.001Z,tractusx-connector,customer,edc-dataplane-7444b88f67-ljrb5,156499968
2026-10-10T12:33:19.001Z,tractusx-connector,customer,edc-dataplane-7444b88f67-ljrb5,156626944
2026-10-10T12:33:34.001Z,tractusx-connector,customer,edc-dataplane-7444b88f67-ljrb5,156196864
2026-10-10T12:33:49.001Z,tractusx-connector,customer,edc-dataplane-7444b88f67-ljrb5,156209152
2026-10-10T12:34:04.001Z,tractusx-connector,customer,edc-dataplane-7444b88f67-ljrb5,156385280
2026-10-10T12:34:19.001Z,tractusx-connector,customer,edc-dataplane-7444b88f67-ljrb5,156389376
2026-10-10T12:34:34.001Z,tractusx-connector,customer,edc-dataplane-7444b88f67-ljrb5,156389376
2026-10-10T12:34:49.001Z,tractusx-connector,customer,edc-dataplane-7444b88f67-ljrb5,156852224
2026-10-10T12:35:04.001Z,tractusx-connector,customer,edc-dataplane-7444b88f67-ljrb5,157302784
2026-10-10T12:35:19.001Z,tractusx-connector,customer,edc-dataplane-7444b88f67-ljrb5,157302784
2026-10-10T12:35:34.001Z,tractusx-connector,customer,edc-dataplane-7444b88f67-ljrb5,156913664
2026-10-10T12:35:49.001Z,tractusx-connector,customer,edc-dataplane-7444b88f67-ljrb5,156708864
2026-10-10T12:36:04.001Z,tractusx-connector,customer,edc-dataplane-7444b88f67-ljrb5,156725248
2026-10-10T12:36:19.001Z,tractusx-connector,customer,edc-dataplane-7444b88f67-ljrb5,157585408
2026-10-10T12:36:34.001Z,tractusx-connector,customer,edc-dataplane-7444b88f67-ljrb5,156856320
2026-10-10T12:36:49.001Z,tractusx-connector,customer,edc-dataplane-7444b88f67-ljrb5,156860416
2026-10-10T12:37:04.001Z,tractusx-connector,customer,edc-dataplane-7444b88f67-ljrb5,157310976
2026-10-10T12:37:19.001Z,tractusx-connector,customer,edc-dataplane-7444b88f67-ljrb5,157036544
2026-10-10T12:37:34.001Z,tractusx-connector,customer,edc-dataplane-7444b88f67-ljrb5,157163520
2026-10-10T12:37:49.001Z,tractusx-connector,customer,edc-dataplane-7444b88f67-ljrb5,157216768
2026-10-10T12:38:04.001Z,tractusx-connector,customer,edc-dataplane-7444b88f67-ljrb5,157282304
2026-10-10T12:38:19.001Z,tractusx-connector,customer,edc-dataplane-7444b88f67-ljrb5,158330880
2026-10-10T12:38:34.001Z,tractusx-connector,customer,edc-dataplane-7444b88f67-ljrb5,157855744
2026-10-10T12:38:49.001Z,tractusx-connector,customer,edc-dataplane-7444b88f67-ljrb5,157446144
2026-10-10T12:39:04.001Z,tractusx-connector,customer,edc-dataplane-7444b88f67-ljrb5,157446144
2026-10-10T12:39:19.001Z,tractusx-connector,customer,edc-dataplane-7444b88f67-ljrb5,157487104
2026-10-10T12:39:34.001Z,tractusx-connector,customer,edc-dataplane-7444b88f67-ljrb5,157511680
2026-10-10T12:39:49.001Z,tractusx-connector,customer,edc-dataplane-7444b88f67-ljrb5,157716480
2026-10-10T12:40:04.001Z,tractusx-connector,customer,edc-dataplane-7444b88f67-ljrb5,157577216
2026-10-10T12:40:19.001Z,tractusx-connector,customer,edc-dataplane-7444b88f67-ljrb5,158117888
2026-10-10T12:40:34.001Z,tractusx-connector,customer,edc-dataplane-7444b88f67-ljrb5,157724672
2026-10-10T12:40:49.001Z,tractusx-connector,customer,edc-dataplane-7444b88f67-ljrb5,158068736
2026-10-10T12:41:04.001Z,tractusx-connector,customer,edc-dataplane-7444b88f67-ljrb5,158121984
2026-10-10T12:41:19.001Z,tractusx-connector,customer,edc-dataplane-7444b88f67-ljrb5,158646272
2026-10-10T12:41:34.001Z,tractusx-connector,customer,edc-dataplane-7444b88f67-ljrb5,158973952
2026-10-10T12:41:49.001Z,tractusx-connector,customer,edc-dataplane-7444b88f67-ljrb5,158076928
2026-10-10T12:42:04.001Z,tractusx-connector,customer,edc-dataplane-7444b88f67-ljrb5,159211520
2026-10-10T12:42:19.001Z,tractusx-connector,customer,edc-dataplane-7444b88f67-ljrb5,158416896
2026-10-10T12:42:34.001Z,tractusx-connector,customer,edc-dataplane-7444b88f67-ljrb5,158650368
2026-10-10T12:42:49.001Z,tractusx-connector,customer,edc-dataplane-7444b88f67-ljrb5,159281152
2026-10-10T12:43:04.001Z,tractusx-connector,customer,edc-dataplane-7444b88f67-ljrb5,158871552
2026-10-10T12:43:19.001Z,tractusx-connector,customer,edc-dataplane-7444b88f67-ljrb5,158990336
2026-10-10T12:43:34.001Z,tractusx-connector,customer,edc-dataplane-7444b88f67-ljrb5,159133696
2026-10-10T12:43:49.001Z,tractusx-connector,customer,edc-dataplane-7444b88f67-ljrb5,159232000
2026-10-10T12:44:04.001Z,tractusx-connector,customer,edc-dataplane-7444b88f67-ljrb5,159248384
2026-10-10T12:44:19.001Z,tractusx-connector,customer,edc-dataplane-7444b88f67-ljrb5,159256576
2026-10-10T12:44:34.001Z,tractusx-connector,customer,edc-dataplane-7444b88f67-ljrb5,159715328
2026-10-10T12:44:49.001Z,tractusx-connector,customer,edc-dataplane-7444b88f67-ljrb5,159297536
2026-10-10T12:45:04.001Z,tractusx-connector,customer,edc-dataplane-7444b88f67-ljrb5,159322112
2026-10-10T12:45:19.001Z,tractusx-connector,customer,edc-dataplane-7444b88f67-ljrb5,159203328
2026-10-10T12:45:34.001Z,tractusx-connector,customer,edc-dataplane-7444b88f67-ljrb5,159330304
2026-10-10T12:45:49.001Z,tractusx-connector,customer,edc-dataplane-7444b88f67-ljrb5,159330304
2026-10-10T12:46:04.001Z,tractusx-connector,customer,edc-dataplane-7444b88f67-ljrb5,159342592
2026-10-10T12:46:19.001Z,tractusx-connector,customer,edc-dataplane-7444b88f67-ljrb5,159387648
2026-10-10T12:46:34.001Z,tractusx-connector,customer,edc-dataplane-7444b88f67-ljrb5,159399936
2026-10-10T12:46:49.001Z,tractusx-connector,customer,edc-dataplane-7444b88f67-ljrb5,159399936
2026-10-10T12:47:04.001Z,tractusx-connector,customer,edc-dataplane-7444b88f67-ljrb5,159399936
2026-10-10T12:47:19.001Z,tractusx-connector,customer,edc-dataplane-7444b88f67-ljrb5,159690752
2026-10-10T12:47:34.001Z,tractusx-connector,customer,edc-dataplane-7444b88f67-ljrb5,159629312
2026-10-10T12:47:49.001Z,tractusx-connector,customer,edc-dataplane-7444b88f67-ljrb5,160133120
2026-10-10T12:48:04.001Z,tractusx-connector,customer,edc-dataplane-7444b88f67-ljrb5,160448512
2026-10-10T12:48:19.001Z,tractusx-connector,customer,edc-dataplane-7444b88f67-ljrb5,160010240
2026-10-10T12:48:34.001Z,tractusx-connector,customer,edc-dataplane-7444b88f67-ljrb5,159940608
2026-10-10T12:48:49.001Z,tractusx-connector,customer,edc-dataplane-7444b88f67-ljrb5,159887360
2026-10-10T12:49:04.001Z,tractusx-connector,customer,edc-dataplane-7444b88f67-ljrb5,159887360
2026-10-10T12:49:19.001Z,tractusx-connector,customer,edc-dataplane-7444b88f67-ljrb5,160415744
2026-10-10T12:49:34.001Z,tractusx-connector,customer,edc-dataplane-7444b88f67-ljrb5,159916032
2026-10-10T12:49:49.001Z,tractusx-connector,customer,edc-dataplane-7444b88f67-ljrb5,159916032
2026-10-10T12:50:04.001Z,tractusx-connector,customer,edc-dataplane-7444b88f67-ljrb5,160034816
2026-10-10T12:50:19.001Z,tractusx-connector,customer,edc-dataplane-7444b88f67-ljrb5,160280576
2026-10-10T12:50:34.001Z,tractusx-connector,customer,edc-dataplane-7444b88f67-ljrb5,160137216
2026-10-10T12:50:49.001Z,tractusx-connector,customer,edc-dataplane-7444b88f67-ljrb5,160706560
2026-10-10T12:51:04.001Z,tractusx-connector,customer,edc-dataplane-7444b88f67-ljrb5,160206848
2026-10-10T12:51:19.001Z,tractusx-connector,customer,edc-dataplane-7444b88f67-ljrb5,160206848
2026-10-10T12:51:34.001Z,tractusx-connector,customer,edc-dataplane-7444b88f67-ljrb5,160702464
2026-10-10T12:51:49.001Z,tractusx-connector,customer,edc-dataplane-7444b88f67-ljrb5,160477184
2026-10-10T12:52:04.001Z,tractusx-connector,customer,edc-dataplane-7444b88f67-ljrb5,160399360
2026-10-10T12:52:19.001Z,tractusx-connector,customer,edc-dataplane-7444b88f67-ljrb5,160399360
2026-10-10T12:52:34.001Z,tractusx-connector,customer,edc-dataplane-7444b88f67-ljrb5,161067008
2026-10-10T12:52:49.001Z,tractusx-connector,customer,edc-dataplane-7444b88f67-ljrb5,160591872
2026-10-10T12:53:04.001Z,tractusx-connector,customer,edc-dataplane-7444b88f67-ljrb5,161140736
2026-10-10T12:53:19.001Z,tractusx-connector,customer,edc-dataplane-7444b88f67-ljrb5,161140736
2026-10-10T12:53:34.001Z,tractusx-connector,customer,edc-dataplane-7444b88f67-ljrb5,160591872
2026-10-10T12:53:49.001Z,tractusx-connector,customer,edc-dataplane-7444b88f67-ljrb5,160833536
2026-10-10T12:54:04.001Z,tractusx-connector,customer,edc-dataplane-7444b88f67-ljrb5,160833536
2026-10-10T12:54:19.001Z,tractusx-connector,customer,edc-dataplane-7444b88f67-ljrb5,162209792
2026-10-10T12:54:34.001Z,tractusx-connector,customer,edc-dataplane-7444b88f67-ljrb5,161787904
2026-10-10T12:54:49.001Z,tractusx-connector,customer,edc-dataplane-7444b88f67-ljrb5,161153024
2026-10-10T12:55:04.001Z,tractusx-connector,customer,edc-dataplane-7444b88f67-ljrb5,161153024
2026-10-10T12:55:19.001Z,tractusx-connector,customer,edc-dataplane-7444b88f67-ljrb5,161157120
2026-10-10T12:55:34.001Z,tractusx-connector,customer,edc-dataplane-7444b88f67-ljrb5,161931264
2026-10-10T12:55:49.001Z,tractusx-connector,customer,edc-dataplane-7444b88f67-ljrb5,162734080
2026-10-10T12:56:04.001Z,tractusx-connector,customer,edc-dataplane-7444b88f67-ljrb5,161169408
2026-10-10T12:56:19.001Z,tractusx-connector,customer,edc-dataplane-7444b88f67-ljrb5,162197504
2026-10-10T12:56:34.001Z,tractusx-connector,customer,edc-dataplane-7444b88f67-ljrb5,161202176
2026-10-10T12:56:49.001Z,tractusx-connector,customer,edc-dataplane-7444b88f67-ljrb5,161427456
2026-10-10T12:57:04.001Z,tractusx-connector,customer,edc-dataplane-7444b88f67-ljrb5,162611200
2026-10-10T12:57:19.001Z,tractusx-connector,customer,edc-dataplane-7444b88f67-ljrb5,162611200
2026-10-10T12:22:49.001Z,tractusx-connector,supplier,edc-controlplane-7d75bf69bf-x2b2h,235573248
2026-10-10T12:23:04.001Z,tractusx-connector,supplier,edc-controlplane-7d75bf69bf-x2b2h,222609408
2026-10-10T12:23:19.001Z,tractusx-connector,supplier,edc-controlplane-7d75bf69bf-x2b2h,225292288
2026-10-10T12:23:34.001Z,tractusx-connector,supplier,edc-controlplane-7d75bf69bf-x2b2h,227065856
2026-10-10T12:23:49.001Z,tractusx-connector,supplier,edc-controlplane-7d75bf69bf-x2b2h,227889152
2026-10-10T12:24:04.001Z,tractusx-connector,supplier,edc-controlplane-7d75bf69bf-x2b2h,229445632
2026-10-10T12:24:19.001Z,tractusx-connector,supplier,edc-controlplane-7d75bf69bf-x2b2h,229986304
2026-10-10T12:24:34.001Z,tractusx-connector,supplier,edc-controlplane-7d75bf69bf-x2b2h,230625280
2026-10-10T12:24:49.001Z,tractusx-connector,supplier,edc-controlplane-7d75bf69bf-x2b2h,232726528
2026-10-10T12:25:04.001Z,tractusx-connector,supplier,edc-controlplane-7d75bf69bf-x2b2h,234520576
2026-10-10T12:25:19.001Z,tractusx-connector,supplier,edc-controlplane-7d75bf69bf-x2b2h,237199360
2026-10-10T12:25:34.001Z,tractusx-connector,supplier,edc-controlplane-7d75bf69bf-x2b2h,237199360
2026-10-10T12:25:49.001Z,tractusx-connector,supplier,edc-controlplane-7d75bf69bf-x2b2h,240082944
2026-10-10T12:26:04.001Z,tractusx-connector,supplier,edc-controlplane-7d75bf69bf-x2b2h,240455680
2026-10-10T12:26:19.001Z,tractusx-connector,supplier,edc-controlplane-7d75bf69bf-x2b2h,240783360
2026-10-10T12:26:34.001Z,tractusx-connector,supplier,edc-controlplane-7d75bf69bf-x2b2h,243515392
2026-10-10T12:26:49.001Z,tractusx-connector,supplier,edc-controlplane-7d75bf69bf-x2b2h,243834880
2026-10-10T12:27:04.001Z,tractusx-connector,supplier,edc-controlplane-7d75bf69bf-x2b2h,245514240
2026-10-10T12:27:19.001Z,tractusx-connector,supplier,edc-controlplane-7d75bf69bf-x2b2h,247693312
2026-10-10T12:27:34.001Z,tractusx-connector,supplier,edc-controlplane-7d75bf69bf-x2b2h,248180736
2026-10-10T12:27:49.001Z,tractusx-connector,supplier,edc-controlplane-7d75bf69bf-x2b2h,247926784
2026-10-10T12:28:04.001Z,tractusx-connector,supplier,edc-controlplane-7d75bf69bf-x2b2h,249102336
2026-10-10T12:28:19.001Z,tractusx-connector,supplier,edc-controlplane-7d75bf69bf-x2b2h,247844864
2026-10-10T12:28:34.001Z,tractusx-connector,supplier,edc-controlplane-7d75bf69bf-x2b2h,250544128
2026-10-10T12:28:49.001Z,tractusx-connector,supplier,edc-controlplane-7d75bf69bf-x2b2h,249475072
2026-10-10T12:29:04.001Z,tractusx-connector,supplier,edc-controlplane-7d75bf69bf-x2b2h,249638912
2026-10-10T12:29:19.001Z,tractusx-connector,supplier,edc-controlplane-7d75bf69bf-x2b2h,253087744
2026-10-10T12:29:34.001Z,tractusx-connector,supplier,edc-controlplane-7d75bf69bf-x2b2h,254279680
2026-10-10T12:29:49.001Z,tractusx-connector,supplier,edc-controlplane-7d75bf69bf-x2b2h,261181440
2026-10-10T12:30:04.001Z,tractusx-connector,supplier,edc-controlplane-7d75bf69bf-x2b2h,255188992
2026-10-10T12:30:19.001Z,tractusx-connector,supplier,edc-controlplane-7d75bf69bf-x2b2h,254865408
2026-10-10T12:30:34.001Z,tractusx-connector,supplier,edc-controlplane-7d75bf69bf-x2b2h,258039808
2026-10-10T12:30:49.001Z,tractusx-connector,supplier,edc-controlplane-7d75bf69bf-x2b2h,257294336
2026-10-10T12:31:04.001Z,tractusx-connector,supplier,edc-controlplane-7d75bf69bf-x2b2h,259014656
2026-10-10T12:31:19.001Z,tractusx-connector,supplier,edc-controlplane-7d75bf69bf-x2b2h,259571712
2026-10-10T12:31:34.001Z,tractusx-connector,supplier,edc-controlplane-7d75bf69bf-x2b2h,271450112
2026-10-10T12:31:49.001Z,tractusx-connector,supplier,edc-controlplane-7d75bf69bf-x2b2h,263491584
2026-10-10T12:32:04.001Z,tractusx-connector,supplier,edc-controlplane-7d75bf69bf-x2b2h,265248768
2026-10-10T12:32:19.001Z,tractusx-connector,supplier,edc-controlplane-7d75bf69bf-x2b2h,267055104
2026-10-10T12:32:34.001Z,tractusx-connector,supplier,edc-controlplane-7d75bf69bf-x2b2h,266563584
2026-10-10T12:32:49.001Z,tractusx-connector,supplier,edc-controlplane-7d75bf69bf-x2b2h,267980800
2026-10-10T12:33:04.001Z,tractusx-connector,supplier,edc-controlplane-7d75bf69bf-x2b2h,267677696
2026-10-10T12:33:19.001Z,tractusx-connector,supplier,edc-controlplane-7d75bf69bf-x2b2h,266907648
2026-10-10T12:33:34.001Z,tractusx-connector,supplier,edc-controlplane-7d75bf69bf-x2b2h,268513280
2026-10-10T12:33:49.001Z,tractusx-connector,supplier,edc-controlplane-7d75bf69bf-x2b2h,275906560
2026-10-10T12:34:04.001Z,tractusx-connector,supplier,edc-controlplane-7d75bf69bf-x2b2h,269508608
2026-10-10T12:34:19.001Z,tractusx-connector,supplier,edc-controlplane-7d75bf69bf-x2b2h,270036992
2026-10-10T12:34:34.001Z,tractusx-connector,supplier,edc-controlplane-7d75bf69bf-x2b2h,271110144
2026-10-10T12:34:49.001Z,tractusx-connector,supplier,edc-controlplane-7d75bf69bf-x2b2h,271110144
2026-10-10T12:35:04.001Z,tractusx-connector,supplier,edc-controlplane-7d75bf69bf-x2b2h,274325504
2026-10-10T12:35:19.001Z,tractusx-connector,supplier,edc-controlplane-7d75bf69bf-x2b2h,273350656
2026-10-10T12:35:34.001Z,tractusx-connector,supplier,edc-controlplane-7d75bf69bf-x2b2h,274223104
2026-10-10T12:35:49.001Z,tractusx-connector,supplier,edc-controlplane-7d75bf69bf-x2b2h,273666048
2026-10-10T12:36:04.001Z,tractusx-connector,supplier,edc-controlplane-7d75bf69bf-x2b2h,275877888
2026-10-10T12:36:19.001Z,tractusx-connector,supplier,edc-controlplane-7d75bf69bf-x2b2h,285257728
2026-10-10T12:36:34.001Z,tractusx-connector,supplier,edc-controlplane-7d75bf69bf-x2b2h,276533248
2026-10-10T12:36:49.001Z,tractusx-connector,supplier,edc-controlplane-7d75bf69bf-x2b2h,276930560
2026-10-10T12:37:04.001Z,tractusx-connector,supplier,edc-controlplane-7d75bf69bf-x2b2h,278622208
2026-10-10T12:37:19.001Z,tractusx-connector,supplier,edc-controlplane-7d75bf69bf-x2b2h,277544960
2026-10-10T12:37:34.001Z,tractusx-connector,supplier,edc-controlplane-7d75bf69bf-x2b2h,277835776
2026-10-10T12:37:49.001Z,tractusx-connector,supplier,edc-controlplane-7d75bf69bf-x2b2h,278429696
2026-10-10T12:38:04.001Z,tractusx-connector,supplier,edc-controlplane-7d75bf69bf-x2b2h,278429696
2026-10-10T12:38:19.001Z,tractusx-connector,supplier,edc-controlplane-7d75bf69bf-x2b2h,278646784
2026-10-10T12:38:34.001Z,tractusx-connector,supplier,edc-controlplane-7d75bf69bf-x2b2h,279822336
2026-10-10T12:38:49.001Z,tractusx-connector,supplier,edc-controlplane-7d75bf69bf-x2b2h,281006080
2026-10-10T12:39:04.001Z,tractusx-connector,supplier,edc-controlplane-7d75bf69bf-x2b2h,277741568
2026-10-10T12:39:19.001Z,tractusx-connector,supplier,edc-controlplane-7d75bf69bf-x2b2h,277946368
2026-10-10T12:39:34.001Z,tractusx-connector,supplier,edc-controlplane-7d75bf69bf-x2b2h,277630976
2026-10-10T12:39:49.001Z,tractusx-connector,supplier,edc-controlplane-7d75bf69bf-x2b2h,277938176
2026-10-10T12:40:04.001Z,tractusx-connector,supplier,edc-controlplane-7d75bf69bf-x2b2h,277938176
2026-10-10T12:40:19.001Z,tractusx-connector,supplier,edc-controlplane-7d75bf69bf-x2b2h,279228416
2026-10-10T12:40:34.001Z,tractusx-connector,supplier,edc-controlplane-7d75bf69bf-x2b2h,277876736
2026-10-10T12:40:49.001Z,tractusx-connector,supplier,edc-controlplane-7d75bf69bf-x2b2h,279158784
2026-10-10T12:41:04.001Z,tractusx-connector,supplier,edc-controlplane-7d75bf69bf-x2b2h,278384640
2026-10-10T12:41:19.001Z,tractusx-connector,supplier,edc-controlplane-7d75bf69bf-x2b2h,277016576
2026-10-10T12:41:34.001Z,tractusx-connector,supplier,edc-controlplane-7d75bf69bf-x2b2h,277397504
2026-10-10T12:41:49.001Z,tractusx-connector,supplier,edc-controlplane-7d75bf69bf-x2b2h,278265856
2026-10-10T12:42:04.001Z,tractusx-connector,supplier,edc-controlplane-7d75bf69bf-x2b2h,278265856
2026-10-10T12:42:19.001Z,tractusx-connector,supplier,edc-controlplane-7d75bf69bf-x2b2h,278458368
2026-10-10T12:42:34.001Z,tractusx-connector,supplier,edc-controlplane-7d75bf69bf-x2b2h,281780224
2026-10-10T12:42:49.001Z,tractusx-connector,supplier,edc-controlplane-7d75bf69bf-x2b2h,293240832
2026-10-10T12:43:04.001Z,tractusx-connector,supplier,edc-controlplane-7d75bf69bf-x2b2h,295919616
2026-10-10T12:43:19.001Z,tractusx-connector,supplier,edc-controlplane-7d75bf69bf-x2b2h,308789248
2026-10-10T12:43:34.001Z,tractusx-connector,supplier,edc-controlplane-7d75bf69bf-x2b2h,301113344
2026-10-10T12:43:49.001Z,tractusx-connector,supplier,edc-controlplane-7d75bf69bf-x2b2h,314183680
2026-10-10T12:44:04.001Z,tractusx-connector,supplier,edc-controlplane-7d75bf69bf-x2b2h,315105280
2026-10-10T12:44:19.001Z,tractusx-connector,supplier,edc-controlplane-7d75bf69bf-x2b2h,321941504
2026-10-10T12:44:34.001Z,tractusx-connector,supplier,edc-controlplane-7d75bf69bf-x2b2h,314851328
2026-10-10T12:44:49.001Z,tractusx-connector,supplier,edc-controlplane-7d75bf69bf-x2b2h,316026880
2026-10-10T12:45:04.001Z,tractusx-connector,supplier,edc-controlplane-7d75bf69bf-x2b2h,315625472
2026-10-10T12:45:19.001Z,tractusx-connector,supplier,edc-controlplane-7d75bf69bf-x2b2h,316129280
2026-10-10T12:45:34.001Z,tractusx-connector,supplier,edc-controlplane-7d75bf69bf-x2b2h,316129280
2026-10-10T12:45:49.001Z,tractusx-connector,supplier,edc-controlplane-7d75bf69bf-x2b2h,314867712
2026-10-10T12:46:04.001Z,tractusx-connector,supplier,edc-controlplane-7d75bf69bf-x2b2h,316116992
2026-10-10T12:46:19.001Z,tractusx-connector,supplier,edc-controlplane-7d75bf69bf-x2b2h,315002880
2026-10-10T12:46:34.001Z,tractusx-connector,supplier,edc-controlplane-7d75bf69bf-x2b2h,315011072
2026-10-10T12:46:49.001Z,tractusx-connector,supplier,edc-controlplane-7d75bf69bf-x2b2h,316092416
2026-10-10T12:47:04.001Z,tractusx-connector,supplier,edc-controlplane-7d75bf69bf-x2b2h,316592128
2026-10-10T12:47:19.001Z,tractusx-connector,supplier,edc-controlplane-7d75bf69bf-x2b2h,315297792
2026-10-10T12:47:34.001Z,tractusx-connector,supplier,edc-controlplane-7d75bf69bf-x2b2h,314744832
2026-10-10T12:47:49.001Z,tractusx-connector,supplier,edc-controlplane-7d75bf69bf-x2b2h,315129856
2026-10-10T12:48:04.001Z,tractusx-connector,supplier,edc-controlplane-7d75bf69bf-x2b2h,315072512
2026-10-10T12:48:19.001Z,tractusx-connector,supplier,edc-controlplane-7d75bf69bf-x2b2h,315080704
2026-10-10T12:48:34.001Z,tractusx-connector,supplier,edc-controlplane-7d75bf69bf-x2b2h,315215872
2026-10-10T12:48:49.001Z,tractusx-connector,supplier,edc-controlplane-7d75bf69bf-x2b2h,315928576
2026-10-10T12:49:04.001Z,tractusx-connector,supplier,edc-controlplane-7d75bf69bf-x2b2h,318943232
2026-10-10T12:49:19.001Z,tractusx-connector,supplier,edc-controlplane-7d75bf69bf-x2b2h,316383232
2026-10-10T12:49:34.001Z,tractusx-connector,supplier,edc-controlplane-7d75bf69bf-x2b2h,315727872
2026-10-10T12:49:49.001Z,tractusx-connector,supplier,edc-controlplane-7d75bf69bf-x2b2h,315727872
2026-10-10T12:50:04.001Z,tractusx-connector,supplier,edc-controlplane-7d75bf69bf-x2b2h,317399040
2026-10-10T12:50:19.001Z,tractusx-connector,supplier,edc-controlplane-7d75bf69bf-x2b2h,325726208
2026-10-10T12:50:34.001Z,tractusx-connector,supplier,edc-controlplane-7d75bf69bf-x2b2h,316207104
2026-10-10T12:50:49.001Z,tractusx-connector,supplier,edc-controlplane-7d75bf69bf-x2b2h,316940288
2026-10-10T12:51:04.001Z,tractusx-connector,supplier,edc-controlplane-7d75bf69bf-x2b2h,315244544
2026-10-10T12:51:19.001Z,tractusx-connector,supplier,edc-controlplane-7d75bf69bf-x2b2h,315420672
2026-10-10T12:51:34.001Z,tractusx-connector,supplier,edc-controlplane-7d75bf69bf-x2b2h,317571072
2026-10-10T12:51:49.001Z,tractusx-connector,supplier,edc-controlplane-7d75bf69bf-x2b2h,318885888
2026-10-10T12:52:04.001Z,tractusx-connector,supplier,edc-controlplane-7d75bf69bf-x2b2h,318885888
2026-10-10T12:52:19.001Z,tractusx-connector,supplier,edc-controlplane-7d75bf69bf-x2b2h,321359872
2026-10-10T12:52:34.001Z,tractusx-connector,supplier,edc-controlplane-7d75bf69bf-x2b2h,326877184
2026-10-10T12:52:49.001Z,tractusx-connector,supplier,edc-controlplane-7d75bf69bf-x2b2h,324980736
2026-10-10T12:53:04.001Z,tractusx-connector,supplier,edc-controlplane-7d75bf69bf-x2b2h,330063872
2026-10-10T12:53:19.001Z,tractusx-connector,supplier,edc-controlplane-7d75bf69bf-x2b2h,335900672
2026-10-10T12:53:34.001Z,tractusx-connector,supplier,edc-controlplane-7d75bf69bf-x2b2h,334090240
2026-10-10T12:53:49.001Z,tractusx-connector,supplier,edc-controlplane-7d75bf69bf-x2b2h,337289216
2026-10-10T12:54:04.001Z,tractusx-connector,supplier,edc-controlplane-7d75bf69bf-x2b2h,341045248
2026-10-10T12:54:19.001Z,tractusx-connector,supplier,edc-controlplane-7d75bf69bf-x2b2h,341831680
2026-10-10T12:54:34.001Z,tractusx-connector,supplier,edc-controlplane-7d75bf69bf-x2b2h,344018944
2026-10-10T12:54:49.001Z,tractusx-connector,supplier,edc-controlplane-7d75bf69bf-x2b2h,346128384
2026-10-10T12:55:04.001Z,tractusx-connector,supplier,edc-controlplane-7d75bf69bf-x2b2h,351621120
2026-10-10T12:55:19.001Z,tractusx-connector,supplier,edc-controlplane-7d75bf69bf-x2b2h,353488896
2026-10-10T12:55:34.001Z,tractusx-connector,supplier,edc-controlplane-7d75bf69bf-x2b2h,362356736
2026-10-10T12:55:49.001Z,tractusx-connector,supplier,edc-controlplane-7d75bf69bf-x2b2h,371326976
2026-10-10T12:56:04.001Z,tractusx-connector,supplier,edc-controlplane-7d75bf69bf-x2b2h,384110592
2026-10-10T12:56:19.001Z,tractusx-connector,supplier,edc-controlplane-7d75bf69bf-x2b2h,391229440
2026-10-10T12:56:34.001Z,tractusx-connector,supplier,edc-controlplane-7d75bf69bf-x2b2h,396525568
2026-10-10T12:56:49.001Z,tractusx-connector,supplier,edc-controlplane-7d75bf69bf-x2b2h,408469504
2026-10-10T12:57:04.001Z,tractusx-connector,supplier,edc-controlplane-7d75bf69bf-x2b2h,415031296
2026-10-10T12:57:19.001Z,tractusx-connector,supplier,edc-controlplane-7d75bf69bf-x2b2h,462249984
2026-10-10T12:22:49.001Z,tractusx-connector,supplier,edc-dataplane-7d865d869b-jgsnh,163573760
2026-10-10T12:23:04.001Z,tractusx-connector,supplier,edc-dataplane-7d865d869b-jgsnh,163573760
2026-10-10T12:23:19.001Z,tractusx-connector,supplier,edc-dataplane-7d865d869b-jgsnh,167919616
2026-10-10T12:23:34.001Z,tractusx-connector,supplier,edc-dataplane-7d865d869b-jgsnh,168075264
2026-10-10T12:23:49.001Z,tractusx-connector,supplier,edc-dataplane-7d865d869b-jgsnh,170090496
2026-10-10T12:24:04.001Z,tractusx-connector,supplier,edc-dataplane-7d865d869b-jgsnh,170541056
2026-10-10T12:24:19.001Z,tractusx-connector,supplier,edc-dataplane-7d865d869b-jgsnh,171823104
2026-10-10T12:24:34.001Z,tractusx-connector,supplier,edc-dataplane-7d865d869b-jgsnh,173400064
2026-10-10T12:24:49.001Z,tractusx-connector,supplier,edc-dataplane-7d865d869b-jgsnh,174833664
2026-10-10T12:25:04.001Z,tractusx-connector,supplier,edc-dataplane-7d865d869b-jgsnh,175865856
2026-10-10T12:25:19.001Z,tractusx-connector,supplier,edc-dataplane-7d865d869b-jgsnh,178450432
2026-10-10T12:25:34.001Z,tractusx-connector,supplier,edc-dataplane-7d865d869b-jgsnh,188710912
2026-10-10T12:25:49.001Z,tractusx-connector,supplier,edc-dataplane-7d865d869b-jgsnh,180346880
2026-10-10T12:26:04.001Z,tractusx-connector,supplier,edc-dataplane-7d865d869b-jgsnh,189505536
2026-10-10T12:26:19.001Z,tractusx-connector,supplier,edc-dataplane-7d865d869b-jgsnh,189505536
2026-10-10T12:26:34.001Z,tractusx-connector,supplier,edc-dataplane-7d865d869b-jgsnh,186904576
2026-10-10T12:26:49.001Z,tractusx-connector,supplier,edc-dataplane-7d865d869b-jgsnh,183840768
2026-10-10T12:27:04.001Z,tractusx-connector,supplier,edc-dataplane-7d865d869b-jgsnh,184770560
2026-10-10T12:27:19.001Z,tractusx-connector,supplier,edc-dataplane-7d865d869b-jgsnh,185327616
2026-10-10T12:27:34.001Z,tractusx-connector,supplier,edc-dataplane-7d865d869b-jgsnh,187731968
2026-10-10T12:27:49.001Z,tractusx-connector,supplier,edc-dataplane-7d865d869b-jgsnh,187838464
2026-10-10T12:28:04.001Z,tractusx-connector,supplier,edc-dataplane-7d865d869b-jgsnh,189186048
2026-10-10T12:28:19.001Z,tractusx-connector,supplier,edc-dataplane-7d865d869b-jgsnh,189734912
2026-10-10T12:28:34.001Z,tractusx-connector,supplier,edc-dataplane-7d865d869b-jgsnh,190627840
2026-10-10T12:28:49.001Z,tractusx-connector,supplier,edc-dataplane-7d865d869b-jgsnh,191700992
2026-10-10T12:29:04.001Z,tractusx-connector,supplier,edc-dataplane-7d865d869b-jgsnh,193515520
2026-10-10T12:29:19.001Z,tractusx-connector,supplier,edc-dataplane-7d865d869b-jgsnh,195846144
2026-10-10T12:29:34.001Z,tractusx-connector,supplier,edc-dataplane-7d865d869b-jgsnh,195072000
2026-10-10T12:29:49.001Z,tractusx-connector,supplier,edc-dataplane-7d865d869b-jgsnh,196382720
2026-10-10T12:30:04.001Z,tractusx-connector,supplier,edc-dataplane-7d865d869b-jgsnh,217452544
2026-10-10T12:30:19.001Z,tractusx-connector,supplier,edc-dataplane-7d865d869b-jgsnh,217452544
2026-10-10T12:30:34.001Z,tractusx-connector,supplier,edc-dataplane-7d865d869b-jgsnh,199446528
2026-10-10T12:30:49.001Z,tractusx-connector,supplier,edc-dataplane-7d865d869b-jgsnh,200941568
2026-10-10T12:31:04.001Z,tractusx-connector,supplier,edc-dataplane-7d865d869b-jgsnh,201302016
2026-10-10T12:31:19.001Z,tractusx-connector,supplier,edc-dataplane-7d865d869b-jgsnh,202235904
2026-10-10T12:31:34.001Z,tractusx-connector,supplier,edc-dataplane-7d865d869b-jgsnh,203243520
2026-10-10T12:31:49.001Z,tractusx-connector,supplier,edc-dataplane-7d865d869b-jgsnh,204087296
2026-10-10T12:32:04.001Z,tractusx-connector,supplier,edc-dataplane-7d865d869b-jgsnh,204222464
2026-10-10T12:32:19.001Z,tractusx-connector,supplier,edc-dataplane-7d865d869b-jgsnh,204681216
2026-10-10T12:32:34.001Z,tractusx-connector,supplier,edc-dataplane-7d865d869b-jgsnh,204681216
2026-10-10T12:32:49.001Z,tractusx-connector,supplier,edc-dataplane-7d865d869b-jgsnh,204316672
2026-10-10T12:33:04.001Z,tractusx-connector,supplier,edc-dataplane-7d865d869b-jgsnh,204828672
2026-10-10T12:33:19.001Z,tractusx-connector,supplier,edc-dataplane-7d865d869b-jgsnh,211628032
2026-10-10T12:33:34.001Z,tractusx-connector,supplier,edc-dataplane-7d865d869b-jgsnh,206966784
2026-10-10T12:33:49.001Z,tractusx-connector,supplier,edc-dataplane-7d865d869b-jgsnh,207151104
2026-10-10T12:34:04.001Z,tractusx-connector,supplier,edc-dataplane-7d865d869b-jgsnh,207560704
2026-10-10T12:34:19.001Z,tractusx-connector,supplier,edc-dataplane-7d865d869b-jgsnh,206422016
2026-10-10T12:34:34.001Z,tractusx-connector,supplier,edc-dataplane-7d865d869b-jgsnh,207183872
2026-10-10T12:34:49.001Z,tractusx-connector,supplier,edc-dataplane-7d865d869b-jgsnh,206356480
2026-10-10T12:35:04.001Z,tractusx-connector,supplier,edc-dataplane-7d865d869b-jgsnh,207941632
2026-10-10T12:35:19.001Z,tractusx-connector,supplier,edc-dataplane-7d865d869b-jgsnh,208351232
2026-10-10T12:35:34.001Z,tractusx-connector,supplier,edc-dataplane-7d865d869b-jgsnh,208125952
2026-10-10T12:35:49.001Z,tractusx-connector,supplier,edc-dataplane-7d865d869b-jgsnh,210317312
2026-10-10T12:36:04.001Z,tractusx-connector,supplier,edc-dataplane-7d865d869b-jgsnh,211673088
2026-10-10T12:36:19.001Z,tractusx-connector,supplier,edc-dataplane-7d865d869b-jgsnh,211382272
2026-10-10T12:36:34.001Z,tractusx-connector,supplier,edc-dataplane-7d865d869b-jgsnh,211140608
2026-10-10T12:36:49.001Z,tractusx-connector,supplier,edc-dataplane-7d865d869b-jgsnh,211808256
2026-10-10T12:37:04.001Z,tractusx-connector,supplier,edc-dataplane-7d865d869b-jgsnh,216854528
2026-10-10T12:37:19.001Z,tractusx-connector,supplier,edc-dataplane-7d865d869b-jgsnh,211443712
2026-10-10T12:37:34.001Z,tractusx-connector,supplier,edc-dataplane-7d865d869b-jgsnh,211443712
2026-10-10T12:37:49.001Z,tractusx-connector,supplier,edc-dataplane-7d865d869b-jgsnh,211656704
2026-10-10T12:38:04.001Z,tractusx-connector,supplier,edc-dataplane-7d865d869b-jgsnh,211656704
2026-10-10T12:38:19.001Z,tractusx-connector,supplier,edc-dataplane-7d865d869b-jgsnh,212094976
2026-10-10T12:38:34.001Z,tractusx-connector,supplier,edc-dataplane-7d865d869b-jgsnh,211886080
2026-10-10T12:38:49.001Z,tractusx-connector,supplier,edc-dataplane-7d865d869b-jgsnh,212746240
2026-10-10T12:39:04.001Z,tractusx-connector,supplier,edc-dataplane-7d865d869b-jgsnh,212746240
2026-10-10T12:39:19.001Z,tractusx-connector,supplier,edc-dataplane-7d865d869b-jgsnh,212258816
2026-10-10T12:39:34.001Z,tractusx-connector,supplier,edc-dataplane-7d865d869b-jgsnh,211820544
2026-10-10T12:39:49.001Z,tractusx-connector,supplier,edc-dataplane-7d865d869b-jgsnh,211521536
2026-10-10T12:40:04.001Z,tractusx-connector,supplier,edc-dataplane-7d865d869b-jgsnh,211779584
2026-10-10T12:40:19.001Z,tractusx-connector,supplier,edc-dataplane-7d865d869b-jgsnh,211488768
2026-10-10T12:40:34.001Z,tractusx-connector,supplier,edc-dataplane-7d865d869b-jgsnh,211779584
2026-10-10T12:40:49.001Z,tractusx-connector,supplier,edc-dataplane-7d865d869b-jgsnh,212676608
2026-10-10T12:41:04.001Z,tractusx-connector,supplier,edc-dataplane-7d865d869b-jgsnh,212561920
2026-10-10T12:41:19.001Z,tractusx-connector,supplier,edc-dataplane-7d865d869b-jgsnh,211312640
2026-10-10T12:41:34.001Z,tractusx-connector,supplier,edc-dataplane-7d865d869b-jgsnh,211341312
2026-10-10T12:41:49.001Z,tractusx-connector,supplier,edc-dataplane-7d865d869b-jgsnh,211492864
2026-10-10T12:42:04.001Z,tractusx-connector,supplier,edc-dataplane-7d865d869b-jgsnh,211558400
2026-10-10T12:42:19.001Z,tractusx-connector,supplier,edc-dataplane-7d865d869b-jgsnh,211443712
2026-10-10T12:42:34.001Z,tractusx-connector,supplier,edc-dataplane-7d865d869b-jgsnh,211476480
2026-10-10T12:42:49.001Z,tractusx-connector,supplier,edc-dataplane-7d865d869b-jgsnh,211968000
2026-10-10T12:43:04.001Z,tractusx-connector,supplier,edc-dataplane-7d865d869b-jgsnh,211398656
2026-10-10T12:43:19.001Z,tractusx-connector,supplier,edc-dataplane-7d865d869b-jgsnh,211398656
2026-10-10T12:43:34.001Z,tractusx-connector,supplier,edc-dataplane-7d865d869b-jgsnh,211984384
2026-10-10T12:43:49.001Z,tractusx-connector,supplier,edc-dataplane-7d865d869b-jgsnh,211591168
2026-10-10T12:44:04.001Z,tractusx-connector,supplier,edc-dataplane-7d865d869b-jgsnh,211591168
2026-10-10T12:44:19.001Z,tractusx-connector,supplier,edc-dataplane-7d865d869b-jgsnh,211705856
2026-10-10T12:44:34.001Z,tractusx-connector,supplier,edc-dataplane-7d865d869b-jgsnh,212443136
2026-10-10T12:44:49.001Z,tractusx-connector,supplier,edc-dataplane-7d865d869b-jgsnh,213012480
2026-10-10T12:45:04.001Z,tractusx-connector,supplier,edc-dataplane-7d865d869b-jgsnh,214470656
2026-10-10T12:45:19.001Z,tractusx-connector,supplier,edc-dataplane-7d865d869b-jgsnh,212594688
2026-10-10T12:45:34.001Z,tractusx-connector,supplier,edc-dataplane-7d865d869b-jgsnh,212070400
2026-10-10T12:45:49.001Z,tractusx-connector,supplier,edc-dataplane-7d865d869b-jgsnh,212615168
2026-10-10T12:46:04.001Z,tractusx-connector,supplier,edc-dataplane-7d865d869b-jgsnh,214630400
2026-10-10T12:46:19.001Z,tractusx-connector,supplier,edc-dataplane-7d865d869b-jgsnh,213143552
2026-10-10T12:46:34.001Z,tractusx-connector,supplier,edc-dataplane-7d865d869b-jgsnh,212205568
2026-10-10T12:46:49.001Z,tractusx-connector,supplier,edc-dataplane-7d865d869b-jgsnh,212185088
2026-10-10T12:47:04.001Z,tractusx-connector,supplier,edc-dataplane-7d865d869b-jgsnh,213049344
2026-10-10T12:47:19.001Z,tractusx-connector,supplier,edc-dataplane-7d865d869b-jgsnh,212267008
2026-10-10T12:47:34.001Z,tractusx-connector,supplier,edc-dataplane-7d865d869b-jgsnh,212267008
2026-10-10T12:47:49.001Z,tractusx-connector,supplier,edc-dataplane-7d865d869b-jgsnh,212860928
2026-10-10T12:48:04.001Z,tractusx-connector,supplier,edc-dataplane-7d865d869b-jgsnh,213336064
2026-10-10T12:48:19.001Z,tractusx-connector,supplier,edc-dataplane-7d865d869b-jgsnh,212881408
2026-10-10T12:48:34.001Z,tractusx-connector,supplier,edc-dataplane-7d865d869b-jgsnh,213454848
2026-10-10T12:48:49.001Z,tractusx-connector,supplier,edc-dataplane-7d865d869b-jgsnh,213749760
2026-10-10T12:49:04.001Z,tractusx-connector,supplier,edc-dataplane-7d865d869b-jgsnh,214085632
2026-10-10T12:49:19.001Z,tractusx-connector,supplier,edc-dataplane-7d865d869b-jgsnh,213749760
2026-10-10T12:49:34.001Z,tractusx-connector,supplier,edc-dataplane-7d865d869b-jgsnh,213581824
2026-10-10T12:49:49.001Z,tractusx-connector,supplier,edc-dataplane-7d865d869b-jgsnh,214093824
2026-10-10T12:50:04.001Z,tractusx-connector,supplier,edc-dataplane-7d865d869b-jgsnh,213192704
2026-10-10T12:50:19.001Z,tractusx-connector,supplier,edc-dataplane-7d865d869b-jgsnh,213700608
2026-10-10T12:50:34.001Z,tractusx-connector,supplier,edc-dataplane-7d865d869b-jgsnh,213684224
2026-10-10T12:50:49.001Z,tractusx-connector,supplier,edc-dataplane-7d865d869b-jgsnh,213577728
2026-10-10T12:51:04.001Z,tractusx-connector,supplier,edc-dataplane-7d865d869b-jgsnh,214683648
2026-10-10T12:51:19.001Z,tractusx-connector,supplier,edc-dataplane-7d865d869b-jgsnh,214683648
2026-10-10T12:51:34.001Z,tractusx-connector,supplier,edc-dataplane-7d865d869b-jgsnh,213774336
2026-10-10T12:51:49.001Z,tractusx-connector,supplier,edc-dataplane-7d865d869b-jgsnh,214921216
2026-10-10T12:52:04.001Z,tractusx-connector,supplier,edc-dataplane-7d865d869b-jgsnh,214331392
2026-10-10T12:52:19.001Z,tractusx-connector,supplier,edc-dataplane-7d865d869b-jgsnh,213569536
2026-10-10T12:52:34.001Z,tractusx-connector,supplier,edc-dataplane-7d865d869b-jgsnh,215486464
2026-10-10T12:52:49.001Z,tractusx-connector,supplier,edc-dataplane-7d865d869b-jgsnh,213581824
2026-10-10T12:53:04.001Z,tractusx-connector,supplier,edc-dataplane-7d865d869b-jgsnh,213381120
2026-10-10T12:53:19.001Z,tractusx-connector,supplier,edc-dataplane-7d865d869b-jgsnh,213381120
2026-10-10T12:53:34.001Z,tractusx-connector,supplier,edc-dataplane-7d865d869b-jgsnh,214659072
2026-10-10T12:53:49.001Z,tractusx-connector,supplier,edc-dataplane-7d865d869b-jgsnh,213655552
2026-10-10T12:54:04.001Z,tractusx-connector,supplier,edc-dataplane-7d865d869b-jgsnh,214183936
2026-10-10T12:54:19.001Z,tractusx-connector,supplier,edc-dataplane-7d865d869b-jgsnh,213688320
2026-10-10T12:54:34.001Z,tractusx-connector,supplier,edc-dataplane-7d865d869b-jgsnh,214224896
2026-10-10T12:54:49.001Z,tractusx-connector,supplier,edc-dataplane-7d865d869b-jgsnh,213970944
2026-10-10T12:55:04.001Z,tractusx-connector,supplier,edc-dataplane-7d865d869b-jgsnh,215457792
2026-10-10T12:55:19.001Z,tractusx-connector,supplier,edc-dataplane-7d865d869b-jgsnh,213741568
2026-10-10T12:55:34.001Z,tractusx-connector,supplier,edc-dataplane-7d865d869b-jgsnh,214327296
2026-10-10T12:55:49.001Z,tractusx-connector,supplier,edc-dataplane-7d865d869b-jgsnh,215851008
2026-10-10T12:56:04.001Z,tractusx-connector,supplier,edc-dataplane-7d865d869b-jgsnh,213901312
2026-10-10T12:56:19.001Z,tractusx-connector,supplier,edc-dataplane-7d865d869b-jgsnh,214093824
2026-10-10T12:56:34.001Z,tractusx-connector,supplier,edc-dataplane-7d865d869b-jgsnh,214691840
2026-10-10T12:56:49.001Z,tractusx-connector,supplier,edc-dataplane-7d865d869b-jgsnh,213950464
2026-10-10T12:57:04.001Z,tractusx-connector,supplier,edc-dataplane-7d865d869b-jgsnh,214765568
2026-10-10T12:57:19.001Z,tractusx-connector,supplier,edc-dataplane-7d865d869b-jgsnh,216391680
2026-10-10T12:22:49.001Z,vault,customer,edc-vault-0,72585216
2026-10-10T12:23:04.001Z,vault,customer,edc-vault-0,72847360
2026-10-10T12:23:19.001Z,vault,customer,edc-vault-0,72593408
2026-10-10T12:23:34.001Z,vault,customer,edc-vault-0,72593408
2026-10-10T12:23:49.001Z,vault,customer,edc-vault-0,72597504
2026-10-10T12:24:04.001Z,vault,customer,edc-vault-0,72851456
2026-10-10T12:24:19.001Z,vault,customer,edc-vault-0,72851456
2026-10-10T12:24:34.001Z,vault,customer,edc-vault-0,72851456
2026-10-10T12:24:49.001Z,vault,customer,edc-vault-0,72069120
2026-10-10T12:25:04.001Z,vault,customer,edc-vault-0,71806976
2026-10-10T12:25:19.001Z,vault,customer,edc-vault-0,73113600
2026-10-10T12:25:34.001Z,vault,customer,edc-vault-0,72331264
2026-10-10T12:25:49.001Z,vault,customer,edc-vault-0,74280960
2026-10-10T12:26:04.001Z,vault,customer,edc-vault-0,72159232
2026-10-10T12:26:19.001Z,vault,customer,edc-vault-0,72429568
2026-10-10T12:26:34.001Z,vault,customer,edc-vault-0,73994240
2026-10-10T12:26:49.001Z,vault,customer,edc-vault-0,72704000
2026-10-10T12:27:04.001Z,vault,customer,edc-vault-0,72445952
2026-10-10T12:27:19.001Z,vault,customer,edc-vault-0,73609216
2026-10-10T12:27:34.001Z,vault,customer,edc-vault-0,76247040
2026-10-10T12:27:49.001Z,vault,customer,edc-vault-0,76247040
2026-10-10T12:28:04.001Z,vault,customer,edc-vault-0,79966208
2026-10-10T12:28:19.001Z,vault,customer,edc-vault-0,78950400
2026-10-10T12:28:34.001Z,vault,customer,edc-vault-0,78434304
2026-10-10T12:28:49.001Z,vault,customer,edc-vault-0,79224832
2026-10-10T12:29:04.001Z,vault,customer,edc-vault-0,79224832
2026-10-10T12:29:19.001Z,vault,customer,edc-vault-0,88862720
2026-10-10T12:29:34.001Z,vault,customer,edc-vault-0,88862720
2026-10-10T12:29:49.001Z,vault,customer,edc-vault-0,94363648
2026-10-10T12:30:04.001Z,vault,customer,edc-vault-0,94621696
2026-10-10T12:30:19.001Z,vault,customer,edc-vault-0,94617600
2026-10-10T12:30:34.001Z,vault,customer,edc-vault-0,94351360
2026-10-10T12:30:49.001Z,vault,customer,edc-vault-0,94101504
2026-10-10T12:31:04.001Z,vault,customer,edc-vault-0,94629888
2026-10-10T12:31:19.001Z,vault,customer,edc-vault-0,94121984
2026-10-10T12:31:34.001Z,vault,customer,edc-vault-0,94121984
2026-10-10T12:31:49.001Z,vault,customer,edc-vault-0,94429184
2026-10-10T12:32:04.001Z,vault,customer,edc-vault-0,94449664
2026-10-10T12:32:19.001Z,vault,customer,edc-vault-0,95223808
2026-10-10T12:32:34.001Z,vault,customer,edc-vault-0,95072256
2026-10-10T12:32:49.001Z,vault,customer,edc-vault-0,95662080
2026-10-10T12:33:04.001Z,vault,customer,edc-vault-0,94883840
2026-10-10T12:33:19.001Z,vault,customer,edc-vault-0,95174656
2026-10-10T12:33:34.001Z,vault,customer,edc-vault-0,95182848
2026-10-10T12:33:49.001Z,vault,customer,edc-vault-0,95232000
2026-10-10T12:34:04.001Z,vault,customer,edc-vault-0,95232000
2026-10-10T12:34:19.001Z,vault,customer,edc-vault-0,95752192
2026-10-10T12:34:34.001Z,vault,customer,edc-vault-0,95838208
2026-10-10T12:34:49.001Z,vault,customer,edc-vault-0,95354880
2026-10-10T12:35:04.001Z,vault,customer,edc-vault-0,95375360
2026-10-10T12:35:19.001Z,vault,customer,edc-vault-0,96165888
2026-10-10T12:35:34.001Z,vault,customer,edc-vault-0,97292288
2026-10-10T12:35:49.001Z,vault,customer,edc-vault-0,96772096
2026-10-10T12:36:04.001Z,vault,customer,edc-vault-0,96518144
2026-10-10T12:36:19.001Z,vault,customer,edc-vault-0,96530432
2026-10-10T12:36:34.001Z,vault,customer,edc-vault-0,97050624
2026-10-10T12:36:49.001Z,vault,customer,edc-vault-0,96542720
2026-10-10T12:37:04.001Z,vault,customer,edc-vault-0,96804864
2026-10-10T12:37:19.001Z,vault,customer,edc-vault-0,96829440
2026-10-10T12:37:34.001Z,vault,customer,edc-vault-0,97341440
2026-10-10T12:37:49.001Z,vault,customer,edc-vault-0,98897920
2026-10-10T12:38:04.001Z,vault,customer,edc-vault-0,103673856
2026-10-10T12:38:19.001Z,vault,customer,edc-vault-0,102735872
2026-10-10T12:38:34.001Z,vault,customer,edc-vault-0,103424000
2026-10-10T12:38:49.001Z,vault,customer,edc-vault-0,104902656
2026-10-10T12:39:04.001Z,vault,customer,edc-vault-0,103645184
2026-10-10T12:39:19.001Z,vault,customer,edc-vault-0,102895616
2026-10-10T12:39:34.001Z,vault,customer,edc-vault-0,103653376
2026-10-10T12:39:49.001Z,vault,customer,edc-vault-0,104423424
2026-10-10T12:40:04.001Z,vault,customer,edc-vault-0,103178240
2026-10-10T12:40:19.001Z,vault,customer,edc-vault-0,104202240
2026-10-10T12:40:34.001Z,vault,customer,edc-vault-0,104202240
2026-10-10T12:40:49.001Z,vault,customer,edc-vault-0,103694336
2026-10-10T12:41:04.001Z,vault,customer,edc-vault-0,103677952
2026-10-10T12:41:19.001Z,vault,customer,edc-vault-0,103440384
2026-10-10T12:41:34.001Z,vault,customer,edc-vault-0,103448576
2026-10-10T12:41:49.001Z,vault,customer,edc-vault-0,103448576
2026-10-10T12:42:04.001Z,vault,customer,edc-vault-0,103673856
2026-10-10T12:42:19.001Z,vault,customer,edc-vault-0,103694336
2026-10-10T12:42:34.001Z,vault,customer,edc-vault-0,103694336
2026-10-10T12:42:49.001Z,vault,customer,edc-vault-0,101855232
2026-10-10T12:43:04.001Z,vault,customer,edc-vault-0,101089280
2026-10-10T12:43:19.001Z,vault,customer,edc-vault-0,102936576
2026-10-10T12:43:34.001Z,vault,customer,edc-vault-0,109400064
2026-10-10T12:43:49.001Z,vault,customer,edc-vault-0,107937792
2026-10-10T12:44:04.001Z,vault,customer,edc-vault-0,107798528
2026-10-10T12:44:19.001Z,vault,customer,edc-vault-0,111276032
2026-10-10T12:44:34.001Z,vault,customer,edc-vault-0,109056000
2026-10-10T12:44:49.001Z,vault,customer,edc-vault-0,109420544
2026-10-10T12:45:04.001Z,vault,customer,edc-vault-0,109883392
2026-10-10T12:45:19.001Z,vault,customer,edc-vault-0,110972928
2026-10-10T12:45:34.001Z,vault,customer,edc-vault-0,111464448
2026-10-10T12:45:49.001Z,vault,customer,edc-vault-0,112627712
2026-10-10T12:46:04.001Z,vault,customer,edc-vault-0,110301184
2026-10-10T12:46:19.001Z,vault,customer,edc-vault-0,111005696
2026-10-10T12:46:34.001Z,vault,customer,edc-vault-0,108740608
2026-10-10T12:46:49.001Z,vault,customer,edc-vault-0,109043712
2026-10-10T12:47:04.001Z,vault,customer,edc-vault-0,108896256
2026-10-10T12:47:19.001Z,vault,customer,edc-vault-0,109907968
2026-10-10T12:47:34.001Z,vault,customer,edc-vault-0,108818432
2026-10-10T12:47:49.001Z,vault,customer,edc-vault-0,108818432
2026-10-10T12:48:04.001Z,vault,customer,edc-vault-0,109572096
2026-10-10T12:48:19.001Z,vault,customer,edc-vault-0,109572096
2026-10-10T12:48:34.001Z,vault,customer,edc-vault-0,110686208
2026-10-10T12:48:49.001Z,vault,customer,edc-vault-0,108105728
2026-10-10T12:49:04.001Z,vault,customer,edc-vault-0,107839488
2026-10-10T12:49:19.001Z,vault,customer,edc-vault-0,111886336
2026-10-10T12:49:34.001Z,vault,customer,edc-vault-0,111230976
2026-10-10T12:49:49.001Z,vault,customer,edc-vault-0,116396032
2026-10-10T12:50:04.001Z,vault,customer,edc-vault-0,116355072
2026-10-10T12:50:19.001Z,vault,customer,edc-vault-0,116801536
2026-10-10T12:50:34.001Z,vault,customer,edc-vault-0,117018624
2026-10-10T12:50:49.001Z,vault,customer,edc-vault-0,116097024
2026-10-10T12:51:04.001Z,vault,customer,edc-vault-0,116097024
2026-10-10T12:51:19.001Z,vault,customer,edc-vault-0,116850688
2026-10-10T12:51:34.001Z,vault,customer,edc-vault-0,117092352
2026-10-10T12:51:49.001Z,vault,customer,edc-vault-0,117121024
2026-10-10T12:52:04.001Z,vault,customer,edc-vault-0,117121024
2026-10-10T12:52:19.001Z,vault,customer,edc-vault-0,116428800
2026-10-10T12:52:34.001Z,vault,customer,edc-vault-0,116445184
2026-10-10T12:52:49.001Z,vault,customer,edc-vault-0,117129216
2026-10-10T12:53:04.001Z,vault,customer,edc-vault-0,117374976
2026-10-10T12:53:19.001Z,vault,customer,edc-vault-0,116854784
2026-10-10T12:53:34.001Z,vault,customer,edc-vault-0,112566272
2026-10-10T12:53:49.001Z,vault,customer,edc-vault-0,112566272
2026-10-10T12:54:04.001Z,vault,customer,edc-vault-0,112566272
2026-10-10T12:54:19.001Z,vault,customer,edc-vault-0,112828416
2026-10-10T12:54:34.001Z,vault,customer,edc-vault-0,113090560
2026-10-10T12:54:49.001Z,vault,customer,edc-vault-0,112566272
2026-10-10T12:55:04.001Z,vault,customer,edc-vault-0,112828416
2026-10-10T12:55:19.001Z,vault,customer,edc-vault-0,112828416
2026-10-10T12:55:34.001Z,vault,customer,edc-vault-0,103837696
2026-10-10T12:55:49.001Z,vault,customer,edc-vault-0,103571456
2026-10-10T12:56:04.001Z,vault,customer,edc-vault-0,103571456
2026-10-10T12:56:19.001Z,vault,customer,edc-vault-0,103837696
2026-10-10T12:56:34.001Z,vault,customer,edc-vault-0,103579648
2026-10-10T12:56:49.001Z,vault,customer,edc-vault-0,103845888
2026-10-10T12:57:04.001Z,vault,customer,edc-vault-0,103845888
2026-10-10T12:57:19.001Z,vault,customer,edc-vault-0,101126144
2026-10-10T12:22:49.001Z,vault,supplier,edc-vault-0,53059584
2026-10-10T12:23:04.001Z,vault,supplier,edc-vault-0,52281344
2026-10-10T12:23:19.001Z,vault,supplier,edc-vault-0,53059584
2026-10-10T12:23:34.001Z,vault,supplier,edc-vault-0,52555776
2026-10-10T12:23:49.001Z,vault,supplier,edc-vault-0,52813824
2026-10-10T12:24:04.001Z,vault,supplier,edc-vault-0,51531776
2026-10-10T12:24:19.001Z,vault,supplier,edc-vault-0,51789824
2026-10-10T12:24:34.001Z,vault,supplier,edc-vault-0,52322304
2026-10-10T12:24:49.001Z,vault,supplier,edc-vault-0,52584448
2026-10-10T12:25:04.001Z,vault,supplier,edc-vault-0,51564544
2026-10-10T12:25:19.001Z,vault,supplier,edc-vault-0,52535296
2026-10-10T12:25:34.001Z,vault,supplier,edc-vault-0,52277248
2026-10-10T12:25:49.001Z,vault,supplier,edc-vault-0,52572160
2026-10-10T12:26:04.001Z,vault,supplier,edc-vault-0,53301248
2026-10-10T12:26:19.001Z,vault,supplier,edc-vault-0,54874112
2026-10-10T12:26:34.001Z,vault,supplier,edc-vault-0,54874112
2026-10-10T12:26:49.001Z,vault,supplier,edc-vault-0,62734336
2026-10-10T12:27:04.001Z,vault,supplier,edc-vault-0,68755456
2026-10-10T12:27:19.001Z,vault,supplier,edc-vault-0,70033408
2026-10-10T12:27:34.001Z,vault,supplier,edc-vault-0,69279744
2026-10-10T12:27:49.001Z,vault,supplier,edc-vault-0,69046272
2026-10-10T12:28:04.001Z,vault,supplier,edc-vault-0,68804608
2026-10-10T12:28:19.001Z,vault,supplier,edc-vault-0,69607424
2026-10-10T12:28:34.001Z,vault,supplier,edc-vault-0,69607424
2026-10-10T12:28:49.001Z,vault,supplier,edc-vault-0,74108928
2026-10-10T12:29:04.001Z,vault,supplier,edc-vault-0,82776064
2026-10-10T12:29:19.001Z,vault,supplier,edc-vault-0,88408064
2026-10-10T12:29:34.001Z,vault,supplier,edc-vault-0,88190976
2026-10-10T12:29:49.001Z,vault,supplier,edc-vault-0,87953408
2026-10-10T12:30:04.001Z,vault,supplier,edc-vault-0,87977984
2026-10-10T12:30:19.001Z,vault,supplier,edc-vault-0,88600576
2026-10-10T12:30:34.001Z,vault,supplier,edc-vault-0,89133056
2026-10-10T12:30:49.001Z,vault,supplier,edc-vault-0,88367104
2026-10-10T12:31:04.001Z,vault,supplier,edc-vault-0,88367104
2026-10-10T12:31:19.001Z,vault,supplier,edc-vault-0,89169920
2026-10-10T12:31:34.001Z,vault,supplier,edc-vault-0,89292800
2026-10-10T12:31:49.001Z,vault,supplier,edc-vault-0,89321472
2026-10-10T12:32:04.001Z,vault,supplier,edc-vault-0,89079808
2026-10-10T12:32:19.001Z,vault,supplier,edc-vault-0,89149440
2026-10-10T12:32:34.001Z,vault,supplier,edc-vault-0,89927680
2026-10-10T12:32:49.001Z,vault,supplier,edc-vault-0,91230208
2026-10-10T12:33:04.001Z,vault,supplier,edc-vault-0,91832320
2026-10-10T12:33:19.001Z,vault,supplier,edc-vault-0,91082752
2026-10-10T12:33:34.001Z,vault,supplier,edc-vault-0,91095040
2026-10-10T12:33:49.001Z,vault,supplier,edc-vault-0,91377664
2026-10-10T12:34:04.001Z,vault,supplier,edc-vault-0,92717056
2026-10-10T12:34:19.001Z,vault,supplier,edc-vault-0,92520448
2026-10-10T12:34:34.001Z,vault,supplier,edc-vault-0,92790784
2026-10-10T12:34:49.001Z,vault,supplier,edc-vault-0,92024832
2026-10-10T12:35:04.001Z,vault,supplier,edc-vault-0,91766784
2026-10-10T12:35:19.001Z,vault,supplier,edc-vault-0,91799552
2026-10-10T12:35:34.001Z,vault,supplier,edc-vault-0,92180480
2026-10-10T12:35:49.001Z,vault,supplier,edc-vault-0,92610560
2026-10-10T12:36:04.001Z,vault,supplier,edc-vault-0,92618752
2026-10-10T12:36:19.001Z,vault,supplier,edc-vault-0,92667904
2026-10-10T12:36:34.001Z,vault,supplier,edc-vault-0,92667904
2026-10-10T12:36:49.001Z,vault,supplier,edc-vault-0,93229056
2026-10-10T12:37:04.001Z,vault,supplier,edc-vault-0,92721152
2026-10-10T12:37:19.001Z,vault,supplier,edc-vault-0,92717056
2026-10-10T12:37:34.001Z,vault,supplier,edc-vault-0,93253632
2026-10-10T12:37:49.001Z,vault,supplier,edc-vault-0,93253632
2026-10-10T12:38:04.001Z,vault,supplier,edc-vault-0,92729344
2026-10-10T12:38:19.001Z,vault,supplier,edc-vault-0,93249536
2026-10-10T12:38:34.001Z,vault,supplier,edc-vault-0,92725248
2026-10-10T12:38:49.001Z,vault,supplier,edc-vault-0,92471296
2026-10-10T12:39:04.001Z,vault,supplier,edc-vault-0,92987392
2026-10-10T12:39:19.001Z,vault,supplier,edc-vault-0,92471296
2026-10-10T12:39:34.001Z,vault,supplier,edc-vault-0,92733440
2026-10-10T12:39:49.001Z,vault,supplier,edc-vault-0,92471296
2026-10-10T12:40:04.001Z,vault,supplier,edc-vault-0,93523968
2026-10-10T12:40:19.001Z,vault,supplier,edc-vault-0,92995584
2026-10-10T12:40:34.001Z,vault,supplier,edc-vault-0,92995584
2026-10-10T12:40:49.001Z,vault,supplier,edc-vault-0,92471296
2026-10-10T12:41:04.001Z,vault,supplier,edc-vault-0,69783552
2026-10-10T12:41:19.001Z,vault,supplier,edc-vault-0,70041600
2026-10-10T12:41:34.001Z,vault,supplier,edc-vault-0,69521408
2026-10-10T12:41:49.001Z,vault,supplier,edc-vault-0,70045696
2026-10-10T12:42:04.001Z,vault,supplier,edc-vault-0,69787648
2026-10-10T12:42:19.001Z,vault,supplier,edc-vault-0,69787648
2026-10-10T12:42:34.001Z,vault,supplier,edc-vault-0,69783552
2026-10-10T12:42:49.001Z,vault,supplier,edc-vault-0,69779456
2026-10-10T12:43:04.001Z,vault,supplier,edc-vault-0,69521408
2026-10-10T12:43:19.001Z,vault,supplier,edc-vault-0,69521408
2026-10-10T12:43:34.001Z,vault,supplier,edc-vault-0,69521408
2026-10-10T12:43:49.001Z,vault,supplier,edc-vault-0,69783552
2026-10-10T12:44:04.001Z,vault,supplier,edc-vault-0,69705728
2026-10-10T12:44:19.001Z,vault,supplier,edc-vault-0,78143488
2026-10-10T12:44:34.001Z,vault,supplier,edc-vault-0,78143488
2026-10-10T12:44:49.001Z,vault,supplier,edc-vault-0,80658432
2026-10-10T12:45:04.001Z,vault,supplier,edc-vault-0,93335552
2026-10-10T12:45:19.001Z,vault,supplier,edc-vault-0,93077504
2026-10-10T12:45:34.001Z,vault,supplier,edc-vault-0,93077504
2026-10-10T12:45:49.001Z,vault,supplier,edc-vault-0,93077504
2026-10-10T12:46:04.001Z,vault,supplier,edc-vault-0,93859840
2026-10-10T12:46:19.001Z,vault,supplier,edc-vault-0,93364224
2026-10-10T12:46:34.001Z,vault,supplier,edc-vault-0,93618176
2026-10-10T12:46:49.001Z,vault,supplier,edc-vault-0,93360128
2026-10-10T12:47:04.001Z,vault,supplier,edc-vault-0,93102080
2026-10-10T12:47:19.001Z,vault,supplier,edc-vault-0,93368320
2026-10-10T12:47:34.001Z,vault,supplier,edc-vault-0,93368320
2026-10-10T12:47:49.001Z,vault,supplier,edc-vault-0,93630464
2026-10-10T12:48:04.001Z,vault,supplier,edc-vault-0,93106176
2026-10-10T12:48:19.001Z,vault,supplier,edc-vault-0,94412800
2026-10-10T12:48:34.001Z,vault,supplier,edc-vault-0,93372416
2026-10-10T12:48:49.001Z,vault,supplier,edc-vault-0,93372416
2026-10-10T12:49:04.001Z,vault,supplier,edc-vault-0,93634560
2026-10-10T12:49:19.001Z,vault,supplier,edc-vault-0,93380608
2026-10-10T12:49:34.001Z,vault,supplier,edc-vault-0,93896704
2026-10-10T12:49:49.001Z,vault,supplier,edc-vault-0,93376512
2026-10-10T12:50:04.001Z,vault,supplier,edc-vault-0,93376512
2026-10-10T12:50:19.001Z,vault,supplier,edc-vault-0,93380608
2026-10-10T12:50:34.001Z,vault,supplier,edc-vault-0,93638656
2026-10-10T12:50:49.001Z,vault,supplier,edc-vault-0,93118464
2026-10-10T12:51:04.001Z,vault,supplier,edc-vault-0,93118464
2026-10-10T12:51:19.001Z,vault,supplier,edc-vault-0,93384704
2026-10-10T12:51:34.001Z,vault,supplier,edc-vault-0,93122560
2026-10-10T12:51:49.001Z,vault,supplier,edc-vault-0,93908992
2026-10-10T12:52:04.001Z,vault,supplier,edc-vault-0,93384704
2026-10-10T12:52:19.001Z,vault,supplier,edc-vault-0,93384704
2026-10-10T12:52:34.001Z,vault,supplier,edc-vault-0,93384704
2026-10-10T12:52:49.001Z,vault,supplier,edc-vault-0,93388800
2026-10-10T12:53:04.001Z,vault,supplier,edc-vault-0,93642752
2026-10-10T12:53:19.001Z,vault,supplier,edc-vault-0,93384704
2026-10-10T12:53:34.001Z,vault,supplier,edc-vault-0,93646848
2026-10-10T12:53:49.001Z,vault,supplier,edc-vault-0,93122560
2026-10-10T12:54:04.001Z,vault,supplier,edc-vault-0,93642752
2026-10-10T12:54:19.001Z,vault,supplier,edc-vault-0,93380608
2026-10-10T12:54:34.001Z,vault,supplier,edc-vault-0,93646848
2026-10-10T12:54:49.001Z,vault,supplier,edc-vault-0,94167040
2026-10-10T12:55:04.001Z,vault,supplier,edc-vault-0,93646848
2026-10-10T12:55:19.001Z,vault,supplier,edc-vault-0,93388800
2026-10-10T12:55:34.001Z,vault,supplier,edc-vault-0,93908992
2026-10-10T12:55:49.001Z,vault,supplier,edc-vault-0,94449664
2026-10-10T12:56:04.001Z,vault,supplier,edc-vault-0,93458432
2026-10-10T12:56:19.001Z,vault,supplier,edc-vault-0,93605888
2026-10-10T12:56:34.001Z,vault,supplier,edc-vault-0,93732864
2026-10-10T12:56:49.001Z,vault,supplier,edc-vault-0,95059968
2026-10-10T12:57:04.001Z,vault,supplier,edc-vault-0,94011392
2026-10-10T12:57:19.001Z,vault,supplier,edc-vault-0,94277632
